0.0 9.99444598737 99.9444598737
0.00804233310659 9.98024760196 99.8024760196
0.0160846662132 9.94071073225 99.4071073225
0.0241321973471 9.87088213393 98.7088213393
0.0321942562054 9.77185408381 97.7185408381
0.0402821667432 9.6491608309 96.491608309
0.0484071692075 9.50466105784 95.0466105784
0.0565788433321 9.3330793307 93.330793307
0.0648065293555 9.13394420757 91.3394420757
0.0731004896987 8.92346464352 89.2346464352
0.0814240636665 8.77436208009 87.7436208009
0.0897807181375 8.71028752201 87.1028752201
0.0981802834799 8.70286639263 87.0286639263
0.106640307074 8.69490443874 86.9490443874
0.11516533718 8.6707125628 86.707125628
0.123729737637 8.60563548227 86.0563548227
0.132304843586 8.47889543901 84.7889543901
0.140908948184 8.28677563037 82.8677563037
0.149570383491 8.04342011014 80.4342011014
0.158320951727 7.77124199023 77.7124199023
0.16718847586 7.48521712029 74.8521712029
0.176192531827 7.19061502608 71.9061502608
0.185347087128 6.88837731446 68.8837731446
0.194664824715 6.57855838025 65.7855838025
0.204159385835 6.26418888667 62.6418888667
0.213846076519 5.94956262588 59.4956262588
0.223740150834 5.63739476097 56.3739476097
0.233855712357 5.32076198546 53.2076198546
0.24420641681 4.99234760501 49.9234760501
0.254813207868 4.6589944863 46.589944863
0.265624092294 4.33531857031 43.3531857031
0.276620164824 4.03246633839 40.3246633839
0.287818906299 3.75520833314 37.5520833314
0.299212064604 3.50406322601 35.0406322601
0.310806584282 3.27503876963 32.7503876963
0.32263082747 3.06228957011 30.6228957011
0.33466980216 2.86181813413 28.6181813413
0.346939294041 2.67154036746 26.7154036746
0.359342021424 2.49323245944 24.9323245944
0.371709278871 2.329926419 23.29926419
0.384014312788 2.18161207574 21.8161207574
0.396339909832 2.0460040329 20.460040329
0.408769707174 1.9205624785 19.205624785
0.421412346669 1.8028244031 18.028244031
0.434304393577 1.69161162978 16.9161162978
0.44736604916 1.58708517481 15.8708517481
0.460514204057 1.48922838835 14.8922838835
0.473797279324 1.39653954221 13.9653954221
0.487282982475 1.30756813996 13.0756813996
0.500993276996 1.21978384436 12.1978384436
0.51497405738 1.12964198861 11.2964198861
0.529286715442 1.03551442964 10.3551442964
0.543981516613 0.938780901618 9.38780901618
0.558972828148 0.842577194112 8.42577194112
0.573917084213 0.750972957312 7.50972957312
0.58886195905 0.66465769897 6.6465769897
0.603851574528 0.583814225597 5.83814225597
0.618906211788 0.508633881299 5.08633881299
0.634028778924 0.439285545803 4.39285545803
0.64924617789 0.375644381263 3.75644381263
0.664599069244 0.317398944664 3.17398944664
0.680103752719 0.26418781578 2.6418781578
0.695513929078 0.216266940688 2.16266940688
0.710880277475 0.172667266775 1.72667266775
0.726260099199 0.132486065648 1.32486065648
0.741696035435 0.0954710643898 0.954710643898
0.757219876497 0.0607307902831 0.607307902831
0.77289092122 0.0259614652698 0.259614652698
0.788741000605 -0.0114293652063 -0.114293652063
0.80475107738 -0.0526337497579 -0.526337497579
0.82078640244 -0.0966492905202 -0.966492905202
0.836845641935 -0.142162944905 -1.42162944905
0.85290665433 -0.187754865331 -1.87754865331
0.868918515417 -0.232151028426 -2.32151028426
0.884883545427 -0.27452180006 -2.7452180006
0.900781775692 -0.314436614311 -3.14436614311
0.916655404353 -0.351877591245 -3.51877591245
0.932594720915 -0.387041658462 -3.87041658462
0.948689326025 -0.420135414997 -4.20135414997
0.964970444704 -0.451164824045 -4.51164824045
0.981358680717 -0.479924375673 -4.79924375673
0.997847979967 -0.506430966399 -5.06430966399
1.01430293717 -0.530394363976 -5.30394363976
1.0306534086 -0.551958514527 -5.51958514527
1.04691186593 -0.570957432257 -5.70957432257
1.06310426136 -0.587326387279 -5.87326387279
1.07914197556 -0.601059448756 -6.01059448756
1.09507059065 -0.612498709133 -6.12498709133
1.11093748667 -0.62197937649 -6.2197937649
1.12682708933 -0.629629946161 -6.29629946161
1.14283586364 -0.636045110477 -6.36045110477
1.15899409115 -0.641660442821 -6.41660442821
1.17530393263 -0.646951334465 -6.46951334465
1.1916667096 -0.65224967981 -6.5224967981
1.20780171462 -0.657678786488 -6.57678786488
1.22410951738 -0.66365312035 -6.6365312035
1.24062738909 -0.670260293556 -6.70260293556
1.25720262606 -0.677269796059 -6.77269796059
1.27390588599 -0.684552801959 -6.84552801959
1.29062768237 -0.691927664313 -6.91927664313
1.30741333623 -0.699328284673 -6.99328284673
1.32431070142 -0.706675597581 -7.06675597581
1.34129020927 -0.713899632736 -7.13899632736
1.35823992524 -0.720913806952 -7.20913806952
1.37527578639 -0.727732952633 -7.27732952633
1.39228652028 -0.734300787389 -7.34300787389
1.40930420483 -0.74061228376 -7.4061228376
1.42622548729 -0.746587762543 -7.46587762543
1.44292607787 -0.752156436741 -7.52156436741
1.45945233843 -0.757369828329 -7.57369828329
1.47597448002 -0.762239650122 -7.62239650122
1.49249661596 -0.766727674874 -7.66727674874
1.50905758655 -0.770816514512 -7.70816514512
1.52572146339 -0.774525079756 -7.74525079756
1.54244281699 -0.777883424157 -7.77883424157
1.55919360809 -0.780911179095 -7.80911179095
1.57593132811 -0.783562496277 -7.83562496277
1.59271150836 -0.785929109747 -7.85929109747
1.60953692447 -0.788098926664 -7.88098926664
1.62630842511 -0.790154172619 -7.90154172619
1.64308465485 -0.792172459913 -7.92172459913
1.66011167446 -0.794243545578 -7.94243545578
1.6775166309 -0.796436567532 -7.96436567532
1.69500923139 -0.798723349771 -7.98723349771
1.71235150689 -0.801184641421 -8.01184641421
1.72960771125 -0.803708895086 -8.03708895086
1.74715189599 -0.806099415782 -8.06099415782
1.76435021785 -0.808054593934 -8.08054593934
1.78135206749 -0.809630277978 -8.09630277978
1.79839022457 -0.810859004868 -8.10859004868
1.8 -0.810944554425 -8.10944554425
1.81745427962 -0.811720608704 -8.11720608704
1.83493664794 -0.812138441648 -8.12138441648
1.85234354141 -0.812303394317 -8.12303394317
1.86979426377 -0.812267384003 -8.12267384003
1.88711004545 -0.81177520808 -8.1177520808
1.90427824428 -0.810944806807 -8.10944806807
1.9213571706 -0.809882087187 -8.09882087187
1.93843450657 -0.808535283638 -8.08535283638
1.95549146744 -0.806802061216 -8.06802061216
1.97256194707 -0.804781549318 -8.04781549318
1.98958199368 -0.802621953247 -8.02621953247
2.00657931948 -0.800453264767 -8.00453264767
2.02367139264 -0.79861329249 -7.9861329249
2.04076375347 -0.797071352976 -7.97071352976
2.05788441812 -0.795746025873 -7.95746025873
2.07514762118 -0.794656483275 -7.94656483275
2.09253191933 -0.793841714496 -7.93841714496
2.10996751923 -0.793197226852 -7.93197226852
2.1273961256 -0.792685621647 -7.92685621647
2.14494937812 -0.792322593225 -7.92322593225
2.16261743094 -0.792098693374 -7.92098693374
2.18024890126 -0.791975250627 -7.91975250627
2.19785017512 -0.791924618235 -7.91924618235
2.21542951212 -0.791936960593 -7.91936960593
2.23303374862 -0.792013097074 -7.92013097074
2.25072807854 -0.792208057421 -7.92208057421
2.26859269776 -0.792594763136 -7.92594763136
2.28635208088 -0.793184775796 -7.93184775796
2.30413930167 -0.793998719447 -7.93998719447
2.32187374672 -0.795011964945 -7.95011964945
2.33959658737 -0.796296196866 -7.96296196866
2.3572343326 -0.79779489719 -7.9779489719
2.37476356876 -0.799408928696 -7.99408928696
2.39228131477 -0.801082626313 -8.01082626313
2.40975358862 -0.8027468317 -8.027468317
2.42721271723 -0.804177688126 -8.04177688126
2.44464565406 -0.805265776655 -8.05265776655
2.46212636273 -0.80612194724 -8.0612194724
2.47965568814 -0.806613329274 -8.06613329274
2.49722914345 -0.806833950129 -8.06833950129
2.51489565199 -0.80682786493 -8.0682786493
2.53264343441 -0.806544836795 -8.06544836795
2.55054581073 -0.805929278741 -8.05929278741
2.56843936442 -0.804856019431 -8.04856019431
2.58615779362 -0.802329905764 -8.02329905764
2.6037646971 -0.79784733 -7.9784733
2.6213566604 -0.791148359271 -7.91148359271
2.63910527416 -0.78193587444 -7.8193587444
2.65701786131 -0.769925768182 -7.69925768182
2.67502720591 -0.75294519653 -7.5294519653
2.69311362628 -0.732587952753 -7.32587952753
2.71117419253 -0.710718081829 -7.10718081829
2.7290601281 -0.691678497238 -6.91678497238
2.74692752642 -0.677253049218 -6.77253049218
2.76489211024 -0.668672425114 -6.68672425114
2.78315676673 -0.665552696261 -6.65552696261
2.80134883224 -0.666219052739 -6.66219052739
2.81954484592 -0.669116093665 -6.69116093665
2.83773051188 -0.673080034222 -6.73080034222
2.8558111599 -0.677848729853 -6.77848729853
2.87374159016 -0.683461319062 -6.83461319062
2.89161238913 -0.689823447539 -6.89823447539
2.90951618413 -0.696333976914 -6.96333976914
2.92744330358 -0.702708825922 -7.02708825922
2.94528704925 -0.708518220641 -7.08518220641
2.96314766437 -0.713053718005 -7.13053718005
2.98111510161 -0.716267441808 -7.16267441808
2.99919200417 -0.717730422565 -7.17730422565
3.0173236056 -0.718145990611 -7.18145990611
3.03552260689 -0.717480046211 -7.17480046211
3.05381896149 -0.715922927361 -7.15922927361
3.0721545659 -0.713709662997 -7.13709662997
3.09062593101 -0.710873563004 -7.10873563004
3.10914915964 -0.707464444831 -7.07464444831
3.12775500978 -0.703546997776 -7.03546997776
3.14628328381 -0.699338244322 -6.99338244322
3.16471827512 -0.695406640425 -6.95406640425
3.18301210539 -0.692080180237 -6.92080180237
3.2012127384 -0.688939926806 -6.88939926806
3.21934824641 -0.685907204807 -6.85907204807
3.23755778703 -0.682548412838 -6.82548412838
3.25589348413 -0.678067187735 -6.78067187735
3.27431179187 -0.670155462584 -6.70155462584
3.29279013668 -0.658356911787 -6.58356911787
3.31119504621 -0.64269635331 -6.4269635331
3.32947882402 -0.623035152914 -6.23035152914
3.34765903074 -0.599446352438 -5.99446352438
3.36580238614 -0.572913167768 -5.72913167768
3.38398726426 -0.545370949458 -5.45370949458
3.40222508038 -0.517648569581 -5.17648569581
3.42044136937 -0.490040043544 -4.90040043544
3.43869993063 -0.462853445314 -4.62853445314
3.45700351118 -0.436582877238 -4.36582877238
3.47535816929 -0.411798113812 -4.11798113812
3.49381626628 -0.388973531904 -3.88973531904
3.51243032509 -0.367483143298 -3.67483143298
3.53114520706 -0.351929975228 -3.51929975228
3.54985889139 -0.3447289679 -3.447289679
3.56870583306 -0.342836765211 -3.42836765211
3.5875362132 -0.342695212093 -3.42695212093
3.6 -0.343021513266 -3.43021513266
3.61880638201 -0.343689957877 -3.43689957877
3.6376603414 -0.34409912526 -3.4409912526
3.65669000832 -0.344102697884 -3.44102697884
3.67574300444 -0.343460860306 -3.43460860306
3.6946722782 -0.341703528776 -3.41703528776
3.71352141931 -0.338075384103 -3.38075384103
3.73238632696 -0.332037372909 -3.32037372909
3.75127590109 -0.322199121292 -3.22199121292
3.77018936681 -0.306303456447 -3.06303456447
3.78896337406 -0.282824936211 -2.82824936211
3.80759033885 -0.25121798094 -2.5121798094
3.82620900956 -0.210447110445 -2.10447110445
3.84489058269 -0.161708078762 -1.61708078762
3.86352158985 -0.119296804122 -1.19296804122
3.882116497 -0.0923624788651 -0.923624788651
3.9007205762 -0.0880240347571 -0.880240347571
3.91936003279 -0.0970079900563 -0.970079900563
3.93794988654 -0.110681626249 -1.10681626249
3.95651988329 -0.126806220205 -1.26806220205
3.97518594371 -0.13735645502 -1.3735645502
3.99392870175 -0.139587628576 -1.39587628576
4.01257300155 -0.133489631676 -1.33489631676
4.03129652475 -0.118637684271 -1.18637684271
4.050114369 -0.0958087323368 -0.958087323368
4.06901824439 -0.0647079145757 -0.647079145757
4.088035472 -0.0324576578057 -0.324576578057
4.10707090822 -0.013718805453 -0.13718805453
4.12630765849 -0.0111853761898 -0.111853761898
4.14563479332 -0.0190134267763 -0.190134267763
4.16492099461 -0.0339194785415 -0.339194785415
4.18411974789 -0.0549254502903 -0.549254502903
4.20330985779 -0.0805961743029 -0.805961743029
4.2225435125 -0.106919003499 -1.06919003499
4.2417987399 -0.12528704549 -1.2528704549
4.26093714468 -0.134066486821 -1.34066486821
4.2799394003 -0.131718663835 -1.31718663835
4.29884158732 -0.121084605783 -1.21084605783
4.31770468952 -0.0974190317005 -0.974190317005
4.33656989279 -0.0582920012679 -0.582920012679
4.35544064836 -0.0037616137658 -0.037616137658
4.37429884266 0.0624593492536 0.624593492536
4.39308323377 0.126854612434 1.26854612434
4.41184285962 0.168306499894 1.68306499894
4.43063470331 0.177966883376 1.77966883376
4.44953266194 0.16914533032 1.6914533032
4.46856585586 0.148852271808 1.48852271808
4.48761822315 0.117671890342 1.17671890342
4.50673781473 0.0782723686457 0.782723686457
4.5260308084 0.0376000231378 0.376000231378
4.54534658367 -0.0015110611209 -0.015110611209
4.56459688701 -0.0371641392842 -0.371641392842
4.58394255194 -0.06843353948 -0.6843353948
4.60348846508 -0.0971410251388 -0.971410251388
4.62311442411 -0.116460481686 -1.16460481686
4.64268800398 -0.125378741518 -1.25378741518
4.66209385402 -0.126239394887 -1.26239394887
4.68144323134 -0.12361820486 -1.2361820486
4.70059047653 -0.119710598199 -1.19710598199
4.71968573651 -0.114645893634 -1.14645893634
4.73895890441 -0.110060852188 -1.10060852188
4.75836342693 -0.106568006521 -1.06568006521
4.77775534943 -0.104127304173 -1.04127304173
4.79715328359 -0.101638758827 -1.01638758827
4.81653318166 -0.0966010303629 -0.966010303629
4.83583366684 -0.0890720201316 -0.890720201316
4.85508279341 -0.0828412615451 -0.828412615451
4.87435322857 -0.079951087881 -0.79951087881
4.89360322617 -0.0812205058059 -0.812205058059
4.91277383162 -0.08590080476 -0.8590080476
4.931963411 -0.0977441719272 -0.977441719272
4.95124452373 -0.119027771742 -1.19027771742
4.97053263036 -0.147820297573 -1.47820297573
4.98983819026 -0.180324227281 -1.80324227281
5.0092026151 -0.211052026704 -2.11052026704
5.02870207441 -0.239995599818 -2.39995599818
5.04833629807 -0.267264131811 -2.67264131811
5.0680470575 -0.29298137346 -2.9298137346
5.08779545262 -0.317416004963 -3.17416004963
5.10751998285 -0.339771410839 -3.39771410839
5.12713323259 -0.358308422547 -3.58308422547
5.146776913 -0.372907559428 -3.72907559428
5.16655824163 -0.384399668018 -3.84399668018
5.1864347181 -0.393537845143 -3.93537845143
5.20625884833 -0.400790398743 -4.00790398743
5.22608103039 -0.406906651152 -4.06906651152
5.24587629822 -0.410619327952 -4.10619327952
5.26549480878 -0.411685081677 -4.11685081677
5.28500305221 -0.4112479369 -4.112479369
5.30449378545 -0.409704217465 -4.09704217465
5.32398661652 -0.40625549283 -4.0625549283
5.34345950342 -0.399687274073 -3.99687274073
5.36288042545 -0.389114285501 -3.89114285501
5.38226515909 -0.373174253939 -3.73174253939
5.4 -0.35256540306 -3.5256540306
5.41939053573 -0.323067940488 -3.23067940488
5.43884306596 -0.287669076912 -2.87669076912
5.45839403922 -0.250338288983 -2.50338288983
5.4779793447 -0.209189805011 -2.09189805011
5.49763197659 -0.175789212197 -1.75789212197
5.51742072084 -0.155678045442 -1.55678045442
5.53724355255 -0.152934341183 -1.52934341183
5.55715656547 -0.158773597516 -1.58773597516
5.57712808153 -0.170637265232 -1.70637265232
5.59709619283 -0.187651998415 -1.87651998415
5.61705847918 -0.209328376207 -2.09328376207
5.63702464922 -0.225542570095 -2.25542570095
5.65697597234 -0.234056184967 -2.34056184967
5.67698539736 -0.23349193939 -2.3349193939
5.69706858862 -0.226520033197 -2.26520033197
5.7172115135 -0.210118529923 -2.10118529923
5.73738062889 -0.183002137056 -1.83002137056
5.757538186 -0.145919326018 -1.45919326018
5.77759814789 -0.10360395502 -1.0360395502
5.79754299651 -0.063851726477 -0.63851726477
5.81744481196 -0.0320613926538 -0.320613926538
5.83732081239 -0.0107199068707 -0.107199068707
5.8571899276 0.00063181906635 0.0063181906635
5.8770381676 0.0100109415896 0.100109415896
5.89687412644 0.0201123446875 0.201123446875
5.91666653629 0.0324031504383 0.324031504383
5.93644313358 0.0401111834595 0.401111834595
5.95624968804 0.0420149256513 0.420149256513
5.9760634944 0.0394699981088 0.394699981088
5.99590650051 0.0323365829299 0.323365829299
6.0158234699 0.0174551130549 0.174551130549
6.03582795136 -0.00279797545253 -0.0279797545253
6.05589149535 -0.02395300713 -0.2395300713
6.07600920837 -0.0429361769689 -0.429361769689
6.09618124872 -0.053447101797 -0.53447101797
6.11642591965 -0.0531523355136 -0.531523355136
6.13677939125 -0.0451464323811 -0.451464323811
6.15711779419 -0.0318157231536 -0.318157231536
6.17745411486 -0.011716316569 -0.11716316569
6.19779297514 0.0170882874741 0.170882874741
6.21810855149 0.0550601441083 0.550601441083
6.23845908944 0.102577645839 1.02577645839
6.25870043918 0.157212495443 1.57212495443
6.27883799213 0.218556129171 2.18556129171
6.29895444661 0.278831144006 2.78831144006
6.31907554412 0.315034861053 3.15034861053
6.33916042055 0.320049682858 3.20049682858
6.35919049083 0.308763832131 3.08763832131
6.3791653364 0.279056228931 2.79056228931
6.39910777006 0.231705952598 2.31705952598
6.41905797306 0.175529948616 1.75529948616
6.43904145024 0.124478645102 1.24478645102
6.45907984132 0.079244567888 0.79244567888
6.47914546952 0.0403831858369 0.403831858369
6.49927440527 0.00465321969365 0.0465321969365
6.51951274645 -0.0204364769738 -0.204364769738
6.53985002212 -0.0332413778362 -0.332413778362
6.56029949524 -0.0341153980432 -0.341153980432
6.58078309521 -0.0299154337026 -0.299154337026
6.60128913286 -0.0219852426636 -0.219852426636
6.62167378009 -0.0111644833831 -0.111644833831
6.64204644738 0.00014556266101 0.0014556266101
6.66243685315 0.00913206745043 0.0913206745043
6.68289288416 0.0150887267463 0.150887267463
6.70345339724 0.0159962794925 0.159962794925
6.72409184882 0.0123380484377 0.123380484377
6.74466600716 0.00429033430787 0.0429033430787
6.76516677767 -0.012407005933 -0.12407005933
6.78573671947 -0.0382464653506 -0.382464653506
6.80625339865 -0.0708005344294 -0.708005344294
6.82670204854 -0.10444993248 -1.0444993248
6.84710876466 -0.137059127164 -1.37059127164
6.867485762 -0.167794327722 -1.67794327722
6.88781830582 -0.196461119991 -1.96461119991
6.90811626184 -0.223210846891 -2.23210846891
6.92839126905 -0.249222582098 -2.49222582098
6.94863568703 -0.272096559616 -2.72096559616
6.96887488087 -0.289401822266 -2.89401822266
6.98914072317 -0.301103482305 -3.01103482305
7.0094490309 -0.30813963695 -3.0813963695
7.02981457613 -0.312146349375 -3.12146349375
7.05026675756 -0.313263286622 -3.13263286622
7.07078211753 -0.310658664959 -3.10658664959
7.09135528589 -0.299674234269 -2.99674234269
7.11197384664 -0.276255159508 -2.76255159508
7.13264238061 -0.242868449084 -2.42868449084
7.15336467595 -0.211165541301 -2.11165541301
7.17404069065 -0.190825521909 -1.90825521909
7.19470026954 -0.182521497944 -1.82521497944
7.2 -0.182068553039 -1.82068553039
7.22074124172 -0.182413292605 -1.82413292605
7.24146241842 -0.186593195945 -1.86593195945
7.26223734868 -0.19346719983 -1.9346719983
7.28293267769 -0.203349305287 -2.03349305287
7.30358632282 -0.211900678907 -2.11900678907
7.32420255644 -0.216058346161 -2.16058346161
7.34478559565 -0.215095245295 -2.15095245295
7.36531570456 -0.20952535352 -2.0952535352
7.38580081639 -0.198282862264 -1.98282862264
7.40625603915 -0.179818782381 -1.79818782381
7.42669178608 -0.153216341518 -1.53216341518
7.44711846547 -0.120730182494 -1.20730182494
7.46754609247 -0.08523294423 -0.8523294423
7.48801027595 -0.059212457342 -0.59212457342
7.50853308906 -0.0483524179324 -0.483524179324
7.52912709548 -0.0557935808153 -0.557935808153
7.54980751381 -0.0713397099194 -0.713397099194
7.57059032625 -0.0929681362406 -0.929681362406
7.59140242635 -0.117579251378 -1.17579251378
7.61218120591 -0.138622178702 -1.38622178702
7.63296327216 -0.149173598418 -1.49173598418
7.65373510842 -0.145428331095 -1.45428331095
7.67451372409 -0.131471285041 -1.31471285041
7.69531247031 -0.109199873214 -1.09199873214
7.71616278718 -0.0792563778708 -0.792563778708
7.73707193972 -0.0476401852831 -0.476401852831
7.75805547088 -0.0204684943186 -0.204684943186
7.77908133789 -0.00409613586817 -0.0409613586817
7.8001184002 -0.000706046004897 -0.00706046004897
7.82112769281 -0.00168447095598 -0.0168447095598
7.84206360254 -0.00362704665204 -0.0362704665204
7.86296243186 -0.00532106146922 -0.0532106146922
7.88380307611 -0.00618639606733 -0.0618639606733
7.90458416578 -0.00594878558234 -0.0594878558234
7.92531797448 -0.0049195415706 -0.049195415706
7.94602238633 -0.00310243666543 -0.0310243666543
7.9667072874 0.00108214421368 0.0108214421368
7.98737463356 0.00867340992757 0.0867340992757
8.00804690398 0.0198289833333 0.198289833333
8.02875146366 0.0342409618149 0.342409618149
8.04950466357 0.0511786819541 0.511786819541
8.07032440818 0.0694916135306 0.694916135306
8.0912225373 0.0885916767904 0.885916767904
8.11217027831 0.107065940733 1.07065940733
8.1331763531 0.126930170369 1.26930170369
8.15424671587 0.15112894458 1.5112894458
8.17537155235 0.178394085932 1.78394085932
8.19649135194 0.205020310391 2.05020310391
8.21762177465 0.229228827652 2.29228827652
8.2387462436 0.242338154958 2.42338154958
8.25990199373 0.241404152909 2.41404152909
8.28109482289 0.232296929659 2.32296929659
8.30224762223 0.212853707408 2.12853707408
8.32336743577 0.181955402015 1.81955402015
8.3444449826 0.142574947835 1.42574947835
8.36546841811 0.101879121986 1.01879121986
8.38643964475 0.0630645300159 0.630645300159
8.40736211476 0.0276928372826 0.276928372826
8.42824119303 -0.00413708081838 -0.0413708081838
8.44909468459 -0.033704919138 -0.33704919138
8.46992296842 -0.0541960831676 -0.541960831676
8.49074428254 -0.0647481130239 -0.647481130239
8.51158656239 -0.0659969244964 -0.659969244964
8.5324694814 -0.0628257326932 -0.628257326932
8.55341731162 -0.0541645385922 -0.541645385922
8.57444214565 -0.0394673851526 -0.394673851526
8.59555085599 -0.0254074012423 -0.254074012423
8.61668998683 -0.019139470278 -0.19139470278
8.6377852323 -0.0231418786112 -0.231418786112
8.65885924673 -0.0350666563634 -0.350666563634
8.6799375531 -0.0534672467588 -0.534672467588
8.70102978479 -0.0759957648975 -0.759957648975
8.7221679811 -0.0972406899265 -0.972406899265
8.74339646492 -0.115629973122 -1.15629973122
8.76473132286 -0.130518051588 -1.30518051588
8.78615757572 -0.141693326546 -1.41693326546
8.80762659799 -0.14995773316 -1.4995773316
8.82907774332 -0.154549324458 -1.54549324458
8.85047431807 -0.155663756513 -1.55663756513
8.87182323045 -0.155836616961 -1.55836616961
8.89314851027 -0.15561279896 -1.5561279896
8.91441046074 -0.15576268215 -1.5576268215
8.93560555189 -0.156713760413 -1.56713760413
8.956746812 -0.158790900905 -1.58790900905
8.97784866749 -0.161688948663 -1.61688948663
8.998918672 -0.164949238841 -1.64949238841
9.0 -0.165077887057 -1.65077887057
9.02107225064 -0.166721172657 -1.66721172657
9.04214606447 -0.166294589324 -1.66294589324
9.06323646911 -0.164797520486 -1.64797520486
9.08435678035 -0.163111194532 -1.63111194532
9.10553237746 -0.161695053395 -1.61695053395
9.12678011687 -0.16119416609 -1.6119416609
9.14807283085 -0.16139674914 -1.6139674914
9.16942087732 -0.161364795628 -1.61364795628
9.1908385788 -0.160884557251 -1.60884557251
9.21228303849 -0.159627428724 -1.59627428724
9.23375633183 -0.156701494952 -1.56701494952
9.25524306589 -0.149362481205 -1.49362481205
9.27675716133 -0.134376339164 -1.34376339164
9.29831472795 -0.1117685743 -1.117685743
9.31986233602 -0.0832888915156 -0.832888915156
9.34139832784 -0.0561595703489 -0.561595703489
9.36288298557 -0.0344933125991 -0.344933125991
9.38433213088 -0.0220412706961 -0.220412706961
9.40573120778 -0.0199074855178 -0.199074855178
9.42706648864 -0.0224679304221 -0.224679304221
9.44834814523 -0.0298495137692 -0.298495137692
9.46959380556 -0.0467096837055 -0.467096837055
9.49080726863 -0.070899650396 -0.70899650396
9.51199917992 -0.0983139626928 -0.983139626928
9.53318973886 -0.124918510692 -1.24918510692
9.55440037389 -0.142669550688 -1.42669550688
9.57565269892 -0.150182588967 -1.50182588967
9.5969578644 -0.148782060008 -1.48782060008
9.61832846467 -0.142625145272 -1.42625145272
9.63976623363 -0.131243984957 -1.31243984957
9.66117551611 -0.114330736688 -1.14330736688
9.68257762268 -0.0933434574107 -0.933434574107
9.70398557517 -0.0718273401589 -0.718273401589
9.72544531654 -0.0501245917557 -0.501245917557
9.74699604956 -0.0285119976627 -0.285119976627
9.76862675766 -0.00636470463507 -0.0636470463507
9.79033170447 0.0188372295819 0.188372295819
9.81210383534 0.0500689599862 0.500689599862
9.83385888024 0.0889315389154 0.889315389154
9.8556191101 0.135291408334 1.35291408334
9.87735605106 0.185748387867 1.85748387867
9.89906730177 0.224352227599 2.24352227599
9.92075846215 0.24064408321 2.4064408321
9.94240073487 0.233512928505 2.33512928505
9.96397826937 0.213339958723 2.13339958723
9.98550267739 0.177648113452 1.77648113452
10.0069752891 0.132954687719 1.32954687719
10.0284059768 0.0911338806035 0.911338806035
10.0498195415 0.0545228119368 0.545228119368
10.0712309896 0.0237263942165 0.237263942165
10.0926465845 -0.00115212464345 -0.0115212464345
10.1140783863 -0.0211111458976 -0.211111458976
10.1355433379 -0.0368211328468 -0.368211328468
10.1570640508 -0.0464360168166 -0.464360168166
10.1786392479 -0.0496376479939 -0.496376479939
10.2002629104 -0.0488365239927 -0.488365239927
10.2219481954 -0.0456095051248 -0.456095051248
10.2437079456 -0.0376073124746 -0.376073124746
10.265482551 -0.0217582420769 -0.217582420769
10.2872835577 0.00263399812344 0.0263399812344
10.3091134256 0.0331389964629 0.331389964629
10.3309776718 0.0656632848737 0.656632848737
10.3528153978 0.0927664360772 0.927664360772
10.3746336648 0.107174806932 1.07174806932
10.3964171526 0.106713408181 1.06713408181
10.4181830408 0.0988512500466 0.988512500466
10.4399341578 0.0840050087062 0.840050087062
10.4616229837 0.0640741578759 0.640741578759
10.4832555157 0.043794377348 0.43794377348
10.5048449608 0.0254787759925 0.254787759925
10.5264003744 0.00947498938537 0.0947498938537
10.5479304733 -0.00389143473419 -0.0389143473419
10.569449039 -0.0145523284779 -0.145523284779
10.5909758102 -0.0226511868795 -0.226511868795
10.6125291792 -0.028865604991 -0.28865604991
10.6341226786 -0.0328250547536 -0.328250547536
10.6557688876 -0.0351086875488 -0.351086875488
10.677472016 -0.0374510571607 -0.374510571607
10.6992064457 -0.0412654099498 -0.412654099498
10.7209618526 -0.0479525266116 -0.479525266116
10.7427613576 -0.0573172417102 -0.573172417102
10.7646207121 -0.0681513919589 -0.681513919589
10.7865285336 -0.0782985671583 -0.782985671583
10.8 -0.0838656202762 -0.838656202762
10.822010923 -0.0924059362897 -0.924059362897
10.8440170717 -0.100866125148 -1.00866125148
10.8660388485 -0.109719146487 -1.09719146487
10.8880291089 -0.11852800028 -1.1852800028
10.9099782081 -0.12649422661 -1.2649422661
10.9319070984 -0.133976553133 -1.33976553133
10.9538334344 -0.138378291047 -1.38378291047
10.9757466691 -0.139065680744 -1.39065680744
10.9976544936 -0.137347467149 -1.37347467149
11.0195305862 -0.133364188674 -1.33364188674
11.0413498798 -0.124475916909 -1.24475916909
11.0631200195 -0.106963839897 -1.06963839897
11.08486283 -0.0802315530414 -0.802315530414
11.1065927407 -0.0500993518992 -0.500993518992
11.1283219403 -0.0320286694489 -0.320286694489
11.1500531193 -0.0283667983818 -0.283667983818
11.1718012664 -0.0335192527623 -0.335192527623
11.1935827656 -0.0454887884221 -0.454887884221
11.2154127162 -0.062844214838 -0.62844214838
11.2372902921 -0.0824601916024 -0.824601916024
11.2592177573 -0.0999977494262 -0.999977494262
11.2811949756 -0.115354159475 -1.15354159475
11.3032338267 -0.129416419005 -1.29416419005
11.3253127534 -0.139034161151 -1.39034161151
11.347411869 -0.143560454994 -1.43560454994
11.3695292251 -0.143600637318 -1.43600637318
11.3916382632 -0.141654566695 -1.41654566695
11.4137318246 -0.138146037204 -1.38146037204
11.4358070433 -0.13322541614 -1.3322541614
11.4578663156 -0.12740975874 -1.2740975874
11.4799196946 -0.121516457936 -1.21516457936
11.501918944 -0.115724343355 -1.15724343355
11.5238641636 -0.108419906329 -1.08419906329
11.545765835 -0.0957018064453 -0.957018064453
11.5676354957 -0.074670868731 -0.74670868731
11.5894774295 -0.0442234335456 -0.442234335456
11.6113029142 -0.00731695229754 -0.0731695229754
11.6331262069 0.0321147914665 0.321147914665
11.6549643512 0.0653733351607 0.653733351607
11.6768296091 0.0817896107349 0.817896107349
11.6987333925 0.0762794303676 0.762794303676
11.7206835407 0.0611540889872 0.611540889872
11.7426934171 0.0401491067291 0.401491067291
11.7647327022 0.0178779263237 0.178779263237
11.7868101888 0.00027539520403 0.0027539520403
11.8089318604 -0.00806045603543 -0.0806045603543
11.8310895982 -0.00441753022308 -0.0441753022308
11.8532837653 0.00547291644338 0.0547291644338
11.8755224161 0.0195914928598 0.195914928598
11.8977325986 0.035166077532 0.35166077532
11.9199150451 0.0438776295522 0.438776295522
11.9420777282 0.0440427041186 0.440427041186
11.9642217671 0.0404843239531 0.404843239531
11.9863563638 0.0353171689068 0.353171689068
12.008497629 0.031269060141 0.31269060141
12.0306661368 0.0300491212747 0.300491212747
12.0528741462 0.0321613266477 0.321613266477
12.0750270787 0.0342933284926 0.342933284926
12.0971314098 0.0352022891251 0.352022891251
12.1191935856 0.0332611166124 0.332611166124
12.1412300128 0.0265288639411 0.265288639411
12.1632486247 0.0128186659817 0.128186659817
12.1852587963 -0.00365312252631 -0.0365312252631
12.2072691821 -0.0177040923876 -0.177040923876
12.2292933798 -0.0233535795946 -0.233535795946
12.2513445153 -0.0169105859817 -0.169105859817
12.2734363055 0.00128439878497 0.0128439878497
12.2955768504 0.0319030104924 0.319030104924
12.3177580194 0.0700805248288 0.700805248288
12.3399876857 0.103446967333 1.03446967333
12.3622712157 0.128967480014 1.28967480014
12.3845753241 0.13855722919 1.3855722919
12.4068963141 0.127567769459 1.27567769459
12.42923341 0.105054097107 1.05054097107
12.4515769368 0.0752815358149 0.752815358149
12.4739153527 0.0469694050797 0.469694050797
12.4962429576 0.0234460793233 0.234460793233
12.5185541529 0.00502958431753 0.0502958431753
12.5408567545 -0.00786222817931 -0.0786222817931
12.5631059985 -0.015783725956 -0.15783725956
12.5853090354 -0.0191502948341 -0.191502948341
12.6 -0.0198101699826 -0.198101699826
12.6221333409 -0.0201347235884 -0.201347235884
12.6442494985 -0.019793516226 -0.19793516226
12.666348692 -0.0188020329635 -0.188020329635
12.688444816 -0.0163738356891 -0.163738356891
12.7105458474 -0.0120147404025 -0.120147404025
12.7326743996 -0.00615320420453 -0.0615320420453
12.7548306815 -0.00362105728334 -0.0362105728334
12.7770291399 -0.0060700927457 -0.060700927457
12.7992791592 -0.0130852397795 -0.130852397795
12.8215541622 -0.0257556178673 -0.257556178673
12.843862146 -0.0416733940263 -0.416733940263
12.8662119104 -0.0560061576253 -0.560061576253
12.8886041261 -0.0677835591928 -0.677835591928
12.9110307201 -0.0768808222651 -0.768808222651
12.9334420518 -0.0836283870836 -0.836283870836
12.9558373988 -0.0887707988339 -0.887707988339
12.978212713 -0.0935449629548 -0.935449629548
13.0005757774 -0.0974124992661 -0.974124992661
13.0229401458 -0.0998551703682 -0.998551703682
13.0453207938 -0.100682563383 -1.00682563383
13.0677321828 -0.100113909885 -1.00113909885
13.0901814369 -0.0982837456195 -0.982837456195
13.1126480791 -0.0929523667745 -0.929523667745
13.1350619509 -0.0833555661109 -0.833555661109
13.1574279638 -0.0710158833378 -0.710158833378
13.1797544132 -0.0575136540523 -0.575136540523
13.2020504306 -0.048394396948 -0.48394396948
13.2243261192 -0.0450617224182 -0.450617224182
13.2465890357 -0.0468843216502 -0.468843216502
13.2688503193 -0.0530481527504 -0.530481527504
13.2911230674 -0.0631936231263 -0.631936231263
13.3134177193 -0.07667711472 -0.7667711472
13.3357475218 -0.0857097578459 -0.857097578459
13.3581182281 -0.088330316763 -0.88330316763
13.3805230396 -0.0848151702408 -0.848151702408
13.4029715602 -0.0753589607386 -0.753589607386
13.4254645965 -0.0584178771106 -0.584178771106
13.4479698373 -0.0345165159065 -0.345165159065
13.4704915656 -0.00759488060546 -0.0759488060546
13.493028596 0.0175228692488 0.175228692488
13.5155786164 0.0324429891691 0.324429891691
13.5381399054 0.0349783388038 0.349783388038
13.5606891079 0.0318774351749 0.318774351749
13.5832268388 0.0227224762332 0.227224762332
13.6057597638 0.00458463593378 0.0458463593378
13.6282480676 -0.0196716620821 -0.196716620821
13.6506923536 -0.04444866829 -0.4444866829
13.6731034896 -0.0667112653074 -0.667112653074
13.6954835421 -0.0869746832499 -0.869746832499
13.7178429201 -0.102407993577 -1.02407993577
13.740190778 -0.110796067768 -1.10796067768
13.7625402017 -0.112103862403 -1.12103862403
13.7848985806 -0.111098967029 -1.11098967029
13.8072775886 -0.109703290081 -1.09703290081
13.8296878866 -0.107548912624 -1.07548912624
13.8521399461 -0.103988185545 -1.03988185545
13.8746242615 -0.0962959310825 -0.962959310825
13.8971361197 -0.0799074381951 -0.799074381951
13.9196845386 -0.0558144874954 -0.558144874954
13.9422776776 -0.0253621219738 -0.253621219738
13.9648873605 0.000462884405517 0.00462884405517
13.9874851523 0.0174379776495 0.174379776495
14.0100680899 0.0279955398463 0.279955398463
14.0326452969 0.0363449435848 0.363449435848
14.0552248538 0.0434017016692 0.434017016692
14.0778152001 0.048399080701 0.48399080701
14.100426496 0.0513202985111 0.513202985111
14.1230648925 0.0526805193655 0.526805193655
14.1457417124 0.0529657530339 0.529657530339
14.1684533049 0.0519346996202 0.519346996202
14.1911132026 0.0494756777164 0.494756777164
14.2137257293 0.0454318793674 0.454318793674
14.2362962308 0.0399046386743 0.399046386743
14.2588339809 0.0335537759858 0.335537759858
14.2813452338 0.0275916913849 0.275916913849
14.3038410854 0.0218643938742 0.218643938742
14.3263293083 0.0177560765893 0.177560765893
14.3488238576 0.0160993145003 0.160993145003
14.371333394 0.0165376370362 0.165376370362
14.3938702777 0.017621617037 0.17621617037
14.4 0.0182162183809 0.182162183809
14.4226009002 0.0199029758551 0.199029758551
14.4452112181 0.020938378741 0.20938378741
14.467862776 0.0213100842077 0.213100842077
14.4905461945 0.0216101840791 0.216101840791
14.5132386992 0.0218202436758 0.218202436758
14.535950861 0.0212549232847 0.212549232847
14.5586803133 0.021018531025 0.21018531025
14.5814250759 0.0217076496816 0.217076496816
14.6041831399 0.0229890893893 0.229890893893
14.6269341738 0.0236538378447 0.236538378447
14.6496773469 0.022840384353 0.22840384353
14.672419166 0.0218097541407 0.218097541407
14.6951272941 0.0223691963204 0.223691963204
14.7177948538 0.0249272126865 0.249272126865
14.7404299053 0.0274695781653 0.274695781653
14.7630381792 0.0286578919556 0.286578919556
14.7856245515 0.0269584995918 0.269584995918
14.8081991577 0.0214623664994 0.214623664994
14.8307712403 0.0108399596191 0.108399596191
14.853351646 -0.0043021182503 -0.043021182503
14.8759488578 -0.0215491871304 -0.215491871304
14.8985731411 -0.0388308611899 -0.388308611899
14.9212358727 -0.0570343477125 -0.570343477125
14.9439278076 -0.0704512623492 -0.704512623492
14.9666454868 -0.0764171048354 -0.764171048354
14.9893977104 -0.0740436206553 -0.740436206553
15.0121909741 -0.0654611207395 -0.654611207395
15.0349788106 -0.0508075522815 -0.508075522815
15.05775458 -0.0317498161225 -0.317498161225
15.0805238428 -0.0129123849819 -0.129123849819
15.1032946058 0.00333446282817 0.0333446282817
15.1260769316 0.0118621548988 0.118621548988
15.1488783954 0.0110700481906 0.110700481906
15.1717101153 0.00676951094309 0.0676951094309
15.1945804971 0.00348113487557 0.0348113487557
15.2174714054 0.00398088776184 0.0398088776184
15.2403759784 0.013210559984 0.13210559984
15.2632328546 0.034083911774 0.34083911774
15.28604614 0.0599360065804 0.599360065804
15.3088208102 0.0777899313453 0.777899313453
15.3315650854 0.0821349141475 0.821349141475
15.3542850929 0.0755645091506 0.755645091506
15.3769914523 0.0572547856516 0.572547856516
15.3996924446 0.0292546189886 0.292546189886
15.4224008148 -0.0030918585258 -0.030918585258
15.4451240527 -0.0322414954966 -0.322414954966
15.4678736968 -0.0580855121438 -0.580855121438
15.4906494803 -0.0811403093051 -0.811403093051
15.513454525 -0.0994871905348 -0.994871905348
15.5362964231 -0.110006243746 -1.10006243746
15.5591606823 -0.112441799289 -1.12441799289
15.5820353368 -0.111915467541 -1.11915467541
15.6049264193 -0.111687276341 -1.11687276341
15.6278382987 -0.112442242049 -1.12442242049
15.6507699236 -0.114625941728 -1.14625941728
15.6737069365 -0.117282595801 -1.17282595801
15.6966381832 -0.118892334796 -1.18892334796
15.7195638112 -0.11857390854 -1.1857390854
15.7424915175 -0.116110365489 -1.16110365489
15.7654015367 -0.108567750205 -1.08567750205
15.7882742127 -0.0949402464186 -0.949402464186
15.8111134135 -0.0755891300754 -0.755891300754
15.8339271924 -0.0537268850376 -0.537268850376
15.8567190213 -0.0382202919147 -0.382202919147
15.8794985216 -0.0311062918465 -0.311062918465
15.9022745278 -0.0310801119711 -0.310801119711
15.9250579685 -0.0334119984247 -0.334119984247
15.9478560282 -0.0356821529317 -0.356821529317
15.9706788308 -0.0369722574652 -0.369722574652
15.9935376832 -0.036736712073 -0.36736712073
16.0164191407 -0.0361856607118 -0.361856607118
16.0393244233 -0.0358099104151 -0.358099104151
16.0622618532 -0.036024394939 -0.36024394939
16.0852220302 -0.0369876731179 -0.369876731179
16.1081698083 -0.0378215719137 -0.378215719137
16.1311135577 -0.0372265722041 -0.372265722041
16.15406276 -0.0339748394822 -0.339748394822
16.1770248793 -0.027892840569 -0.27892840569
16.2 -0.0190973287929 -0.190973287929
16.2230147032 -0.00896494802937 -0.0896494802937
16.2460505458 0.000443565987748 0.00443565987748
16.2691018711 0.00870497636062 0.0870497636062
16.2921590316 0.0146019866139 0.146019866139
16.3152179283 0.0169865736688 0.169865736688
16.3382596325 0.015989183228 0.15989183228
16.3612611208 0.0132857949384 0.132857949384
16.3842263695 0.00632376576998 0.0632376576998
16.4071635196 -0.00522275710738 -0.0522275710738
16.4300790798 -0.0199195289655 -0.199195289655
16.4529827376 -0.0300200365654 -0.300200365654
16.4758822441 -0.0342366787339 -0.342366787339
16.4987885351 -0.0340307176726 -0.340307176726
16.5217093416 -0.031977194159 -0.31977194159
16.5446529384 -0.0263373101411 -0.263373101411
16.5676188964 -0.0126878344259 -0.126878344259
16.5906112998 0.00861938373332 0.0861938373332
16.6136381971 0.0353436677605 0.353436677605
16.6366751151 0.0638030666911 0.638030666911
16.6597250197 0.0854433117833 0.854433117833
16.6827924023 0.0956288606439 0.956288606439
16.7058794727 0.0952801337609 0.952801337609
16.7289855526 0.0916187067355 0.916187067355
16.752087504 0.0849934494757 0.849934494757
16.7751859354 0.0769294159673 0.769294159673
16.7982846434 0.069985188781 0.69985188781
16.8213920689 0.0647017089136 0.647017089136
16.8444759237 0.0606569722591 0.606569722591
16.8675249958 0.0565280934828 0.565280934828
16.8905434124 0.0499410085296 0.499410085296
16.9135395058 0.0377257573818 0.377257573818
16.9365173574 0.0194998649858 0.194998649858
16.9594856796 -0.0022164604184 -0.022164604184
16.9824518202 -0.0238002316756 -0.238002316756
17.0054264732 -0.04519296707 -0.4519296707
17.0284156623 -0.0618104553311 -0.618104553311
17.0514297446 -0.0696622852447 -0.696622852447
17.0744739191 -0.0669370168208 -0.669370168208
17.0975357643 -0.0555667361039 -0.555667361039
17.1206214895 -0.0323861582291 -0.323861582291
17.1437397271 0.0022577891618 0.022577891618
17.1668539235 0.0432517430228 0.432517430228
17.1899691006 0.0821184457363 0.821184457363
17.213091849 0.115047179214 1.15047179214
17.2362292752 0.128307025901 1.28307025901
17.2593903658 0.116395086769 1.16395086769
17.282571346 0.09579784605 0.9579784605
17.3057636769 0.0700787364191 0.700787364191
17.3289709466 0.0462167744279 0.462167744279
17.3521853221 0.0252670193403 0.252670193403
17.3753913121 0.00774592415851 0.0774592415851
17.3985904871 -0.00603278549469 -0.0603278549469
17.421779397 -0.0163251076711 -0.163251076711
17.4449488004 -0.0241879073479 -0.241879073479
17.468085405 -0.0306666618376 -0.306666618376
17.4911973295 -0.0363839883276 -0.363839883276
17.5142909684 -0.0418381319367 -0.418381319367
17.5373756891 -0.0476538583182 -0.476538583182
17.5604578123 -0.0527142847373 -0.527142847373
17.5835466362 -0.0562185016501 -0.562185016501
17.6066497996 -0.0575825391012 -0.575825391012
17.629774603 -0.0550517476542 -0.550517476542
17.6529192298 -0.0488417517024 -0.488417517024
17.6760897403 -0.043331994331 -0.43331994331
17.6992826126 -0.0415677671258 -0.415677671258
17.7224839144 -0.0457983999138 -0.457983999138
17.7456990011 -0.0575612186719 -0.575612186719
17.7689325918 -0.0747340866134 -0.747340866134
17.79218571 -0.093111402425 -0.93111402425
17.8154445962 -0.109292817899 -1.09292817899
17.8387031119 -0.119403816054 -1.19403816054
17.861961018 -0.122691783356 -1.22691783356
17.8852257662 -0.12205538448 -1.2205538448
17.9084910539 -0.119504048335 -1.19504048335
17.9317282561 -0.113898886331 -1.13898886331
17.9549344994 -0.101878479621 -1.01878479621
17.9781155999 -0.0790667010684 -0.790667010684
18.0 -0.0449476540192 -0.449476540192
