0.0 0.0 0.0
0.00804233310659 0.0 0.0
0.0160846662132 0.0 0.0
0.0241321973471 0.0 0.0
0.0321942562054 0.0 0.0
0.0402821667432 0.0 0.0
0.0484071692075 0.0 0.0
0.0565788433321 0.0 0.0
0.0648065293555 0.0 0.0
0.0731004896987 0.0 0.0
0.0814240636665 0.0 0.0
0.0897807181375 0.0 0.0
0.0981802834799 0.0 0.0
0.106640307074 0.0 0.0
0.11516533718 0.0 0.0
0.123729737637 0.0 0.0
0.132304843586 0.0 0.0
0.140908948184 0.0 0.0
0.149570383491 0.0 0.0
0.158320951727 0.0 0.0
0.16718847586 0.0 0.0
0.176192531827 0.0 0.0
0.185347087128 0.0 0.0
0.194664824715 0.0 0.0
0.204159385835 0.0 0.0
0.213846076519 0.0 0.0
0.223740150834 0.0 0.0
0.233855712357 0.0 0.0
0.24420641681 0.0 0.0
0.254813207868 0.0 0.0
0.265624092294 0.0 0.0
0.276620164824 0.0 0.0
0.287818906299 0.0 0.0
0.299212064604 0.0 0.0
0.310806584282 0.0 0.0
0.32263082747 0.0 0.0
0.33466980216 0.0 0.0
0.346939294041 0.0 0.0
0.359342021424 0.0 0.0
0.371709278871 0.0 0.0
0.384014312788 0.0 0.0
0.396339909832 0.0 0.0
0.408769707174 0.0 0.0
0.421412346669 0.0 0.0
0.434304393577 0.0 0.0
0.44736604916 0.0 0.0
0.460514204057 0.0 0.0
0.473797279324 0.0 0.0
0.487282982475 0.0 0.0
0.500993276996 0.0 0.0
0.51497405738 0.0 0.0
0.529286715442 0.0 0.0
0.543981516613 0.0 0.0
0.558972828148 0.0 0.0
0.573917084213 0.0 0.0
0.58886195905 0.0 0.0
0.603851574528 0.0 0.0
0.618906211788 0.0 0.0
0.634028778924 0.0 0.0
0.64924617789 0.0 0.0
0.664599069244 0.0 0.0
0.680103752719 0.0 0.0
0.695513929078 0.0 0.0
0.710880277475 0.0 0.0
0.726260099199 0.0 0.0
0.741696035435 0.0 0.0
0.757219876497 0.0 0.0
0.77289092122 0.0 0.0
0.788741000605 0.0 0.0
0.80475107738 0.0 0.0
0.82078640244 0.0 0.0
0.836845641935 0.0 0.0
0.85290665433 0.0 0.0
0.868918515417 0.0 0.0
0.884883545427 0.0 0.0
0.900781775692 0.0 0.0
0.916655404353 0.0 0.0
0.932594720915 0.0 0.0
0.948689326025 0.0 0.0
0.964970444704 0.0 0.0
0.981358680717 0.0 0.0
0.997847979967 0.0 0.0
1.01430293717 0.0 0.0
1.0306534086 0.0 0.0
1.04691186593 0.0 0.0
1.06310426136 0.0 0.0
1.07914197556 0.0 0.0
1.09507059065 0.0 0.0
1.11093748667 0.0 0.0
1.12682708933 0.0 0.0
1.14283586364 0.0 0.0
1.15899409115 0.0 0.0
1.17530393263 0.0 0.0
1.1916667096 0.0 0.0
1.20780171462 0.0 0.0
1.22410951738 0.0 0.0
1.24062738909 0.0 0.0
1.25720262606 0.0 0.0
1.27390588599 0.0 0.0
1.29062768237 0.0 0.0
1.30741333623 0.0 0.0
1.32431070142 0.0 0.0
1.34129020927 0.0 0.0
1.35823992524 0.0 0.0
1.37527578639 0.0 0.0
1.39228652028 0.0 0.0
1.40930420483 0.0 0.0
1.42622548729 0.0 0.0
1.44292607787 0.0 0.0
1.45945233843 0.0 0.0
1.47597448002 0.0 0.0
1.49249661596 0.0 0.0
1.50905758655 0.0 0.0
1.52572146339 0.0 0.0
1.54244281699 0.0 0.0
1.55919360809 0.0 0.0
1.57593132811 0.0 0.0
1.59271150836 0.0 0.0
1.60953692447 0.0 0.0
1.62630842511 0.0 0.0
1.64308465485 0.0 0.0
1.66011167446 0.0 0.0
1.6775166309 0.0 0.0
1.69500923139 0.0 0.0
1.71235150689 0.0 0.0
1.72960771125 0.0 0.0
1.74715189599 0.0 0.0
1.76435021785 0.0 0.0
1.78135206749 0.0 0.0
1.79839022457 0.0 0.0
1.8 0.0 0.0
1.81745427962 0.0 0.0
1.83493664794 0.0 0.0
1.85234354141 0.0 0.0
1.86979426377 0.0 0.0
1.88711004545 0.0 0.0
1.90427824428 0.0 0.0
1.9213571706 0.0 0.0
1.93843450657 0.0 0.0
1.95549146744 0.0 0.0
1.97256194707 0.0 0.0
1.98958199368 0.0 0.0
2.00657931948 0.0 0.0
2.02367139264 0.0 0.0
2.04076375347 0.0 0.0
2.05788441812 0.0 0.0
2.07514762118 0.0 0.0
2.09253191933 0.0 0.0
2.10996751923 0.0 0.0
2.1273961256 0.0 0.0
2.14494937812 0.0 0.0
2.16261743094 0.0 0.0
2.18024890126 0.0 0.0
2.19785017512 0.0 0.0
2.21542951212 0.0 0.0
2.23303374862 0.0 0.0
2.25072807854 0.0 0.0
2.26859269776 0.0 0.0
2.28635208088 0.0 0.0
2.30413930167 0.0 0.0
2.32187374672 0.0 0.0
2.33959658737 0.0 0.0
2.3572343326 0.0 0.0
2.37476356876 0.0 0.0
2.39228131477 0.0 0.0
2.40975358862 0.0 0.0
2.42721271723 0.0 0.0
2.44464565406 0.0 0.0
2.46212636273 0.0 0.0
2.47965568814 0.0 0.0
2.49722914345 0.0 0.0
2.51489565199 0.0 0.0
2.53264343441 0.0 0.0
2.55054581073 0.0 0.0
2.56843936442 0.0 0.0
2.58615779362 0.0 0.0
2.6037646971 0.0 0.0
2.6213566604 0.0 0.0
2.63910527416 0.0 0.0
2.65701786131 0.0 0.0
2.67502720591 0.0 0.0
2.69311362628 0.0 0.0
2.71117419253 0.0 0.0
2.7290601281 0.0 0.0
2.74692752642 0.0 0.0
2.76489211024 0.0 0.0
2.78315676673 0.0 0.0
2.80134883224 0.0 0.0
2.81954484592 0.0 0.0
2.83773051188 0.0 0.0
2.8558111599 0.0 0.0
2.87374159016 0.0 0.0
2.89161238913 0.0 0.0
2.90951618413 0.0 0.0
2.92744330358 0.0 0.0
2.94528704925 0.0 0.0
2.96314766437 0.0 0.0
2.98111510161 0.0 0.0
2.99919200417 0.0 0.0
3.0173236056 0.0 0.0
3.03552260689 0.0 0.0
3.05381896149 0.0 0.0
3.0721545659 0.0 0.0
3.09062593101 0.0 0.0
3.10914915964 0.0 0.0
3.12775500978 0.0 0.0
3.14628328381 0.0 0.0
3.16471827512 0.0 0.0
3.18301210539 0.0 0.0
3.2012127384 0.0 0.0
3.21934824641 0.0 0.0
3.23755778703 0.0 0.0
3.25589348413 0.0 0.0
3.27431179187 0.0 0.0
3.29279013668 0.0 0.0
3.31119504621 0.0 0.0
3.32947882402 0.0 0.0
3.34765903074 0.0 0.0
3.36580238614 0.0 0.0
3.38398726426 0.0 0.0
3.40222508038 0.0 0.0
3.42044136937 0.0 0.0
3.43869993063 0.0 0.0
3.45700351118 0.0 0.0
3.47535816929 0.0 0.0
3.49381626628 0.0 0.0
3.51243032509 0.0 0.0
3.53114520706 0.0 0.0
3.54985889139 0.0 0.0
3.56870583306 0.0 0.0
3.5875362132 0.0 0.0
3.6 0.0 0.0
3.61880638201 0.0 0.0
3.6376603414 0.0 0.0
3.65669000832 0.0 0.0
3.67574300444 0.0 0.0
3.6946722782 0.0 0.0
3.71352141931 0.0 0.0
3.73238632696 0.0 0.0
3.75127590109 0.0 0.0
3.77018936681 0.0 0.0
3.78896337406 0.0 0.0
3.80759033885 0.0 0.0
3.82620900956 0.0 0.0
3.84489058269 0.0 0.0
3.86352158985 0.0 0.0
3.882116497 0.0 0.0
3.9007205762 0.0 0.0
3.91936003279 0.0 0.0
3.93794988654 0.0 0.0
3.95651988329 0.0 0.0
3.97518594371 0.0 0.0
3.99392870175 0.0 0.0
4.01257300155 0.0 0.0
4.03129652475 0.0 0.0
4.050114369 0.0 0.0
4.06901824439 0.0 0.0
4.088035472 0.0 0.0
4.10707090822 0.0 0.0
4.12630765849 0.0 0.0
4.14563479332 0.0 0.0
4.16492099461 0.0 0.0
4.18411974789 0.0 0.0
4.20330985779 0.0 0.0
4.2225435125 0.0 0.0
4.2417987399 0.0 0.0
4.26093714468 0.0 0.0
4.2799394003 0.0 0.0
4.29884158732 0.0 0.0
4.31770468952 0.0 0.0
4.33656989279 0.0 0.0
4.35544064836 0.0 0.0
4.37429884266 0.0 0.0
4.39308323377 0.0 0.0
4.41184285962 0.0 0.0
4.43063470331 0.0 0.0
4.44953266194 0.0 0.0
4.46856585586 0.0 0.0
4.48761822315 0.0 0.0
4.50673781473 0.0 0.0
4.5260308084 0.0 0.0
4.54534658367 0.0 0.0
4.56459688701 0.0 0.0
4.58394255194 0.0 0.0
4.60348846508 0.0 0.0
4.62311442411 0.0 0.0
4.64268800398 0.0 0.0
4.66209385402 0.0 0.0
4.68144323134 0.0 0.0
4.70059047653 0.0 0.0
4.71968573651 0.0 0.0
4.73895890441 0.0 0.0
4.75836342693 0.0 0.0
4.77775534943 0.0 0.0
4.79715328359 0.0 0.0
4.81653318166 0.0 0.0
4.83583366684 0.0 0.0
4.85508279341 0.0 0.0
4.87435322857 0.0 0.0
4.89360322617 0.0 0.0
4.91277383162 0.0 0.0
4.931963411 0.0 0.0
4.95124452373 0.0 0.0
4.97053263036 0.0 0.0
4.98983819026 0.0 0.0
5.0092026151 0.0 0.0
5.02870207441 0.0 0.0
5.04833629807 0.0 0.0
5.0680470575 0.0 0.0
5.08779545262 0.0 0.0
5.10751998285 0.0 0.0
5.12713323259 0.0 0.0
5.146776913 0.0 0.0
5.16655824163 0.0 0.0
5.1864347181 0.0 0.0
5.20625884833 0.0 0.0
5.22608103039 0.0 0.0
5.24587629822 0.0 0.0
5.26549480878 0.0 0.0
5.28500305221 0.0 0.0
5.30449378545 0.0 0.0
5.32398661652 0.0 0.0
5.34345950342 0.0 0.0
5.36288042545 0.0 0.0
5.38226515909 0.0 0.0
5.4 0.0 0.0
5.41939053573 0.0 0.0
5.43884306596 0.0 0.0
5.45839403922 0.0 0.0
5.4779793447 0.0 0.0
5.49763197659 0.0 0.0
5.51742072084 0.0 0.0
5.53724355255 0.0 0.0
5.55715656547 0.0 0.0
5.57712808153 0.0 0.0
5.59709619283 0.0 0.0
5.61705847918 0.0 0.0
5.63702464922 0.0 0.0
5.65697597234 0.0 0.0
5.67698539736 0.0 0.0
5.69706858862 0.0 0.0
5.7172115135 0.0 0.0
5.73738062889 0.0 0.0
5.757538186 0.0 0.0
5.77759814789 0.0 0.0
5.79754299651 0.0 0.0
5.81744481196 0.0 0.0
5.83732081239 0.0 0.0
5.8571899276 0.0 0.0
5.8770381676 0.0 0.0
5.89687412644 0.0 0.0
5.91666653629 0.0 0.0
5.93644313358 0.0 0.0
5.95624968804 0.0 0.0
5.9760634944 0.0 0.0
5.99590650051 0.0 0.0
6.0158234699 0.0 0.0
6.03582795136 0.0 0.0
6.05589149535 0.0 0.0
6.07600920837 0.0 0.0
6.09618124872 0.0 0.0
6.11642591965 0.0 0.0
6.13677939125 0.0 0.0
6.15711779419 0.0 0.0
6.17745411486 0.0 0.0
6.19779297514 0.0 0.0
6.21810855149 0.0 0.0
6.23845908944 0.0 0.0
6.25870043918 0.0 0.0
6.27883799213 0.0 0.0
6.29895444661 0.0 0.0
6.31907554412 0.0 0.0
6.33916042055 0.0 0.0
6.35919049083 0.0 0.0
6.3791653364 0.0 0.0
6.39910777006 0.0 0.0
6.41905797306 0.0 0.0
6.43904145024 0.0 0.0
6.45907984132 0.0 0.0
6.47914546952 0.0 0.0
6.49927440527 0.0 0.0
6.51951274645 0.0 0.0
6.53985002212 0.0 0.0
6.56029949524 0.0 0.0
6.58078309521 0.0 0.0
6.60128913286 0.0 0.0
6.62167378009 0.0 0.0
6.64204644738 0.0 0.0
6.66243685315 0.0 0.0
6.68289288416 0.0 0.0
6.70345339724 0.0 0.0
6.72409184882 0.0 0.0
6.74466600716 0.0 0.0
6.76516677767 0.0 0.0
6.78573671947 0.0 0.0
6.80625339865 0.0 0.0
6.82670204854 0.0 0.0
6.84710876466 0.0 0.0
6.867485762 0.0 0.0
6.88781830582 0.0 0.0
6.90811626184 0.0 0.0
6.92839126905 0.0 0.0
6.94863568703 0.0 0.0
6.96887488087 0.0 0.0
6.98914072317 0.0 0.0
7.0094490309 0.0 0.0
7.02981457613 0.0 0.0
7.05026675756 0.0 0.0
7.07078211753 0.0 0.0
7.09135528589 0.0 0.0
7.11197384664 0.0 0.0
7.13264238061 0.0 0.0
7.15336467595 0.0 0.0
7.17404069065 0.0 0.0
7.19470026954 0.0 0.0
7.2 0.0 0.0
7.22074124172 0.0 0.0
7.24146241842 0.0 0.0
7.26223734868 0.0 0.0
7.28293267769 0.0 0.0
7.30358632282 0.0 0.0
7.32420255644 0.0 0.0
7.34478559565 0.0 0.0
7.36531570456 0.0 0.0
7.38580081639 0.0 0.0
7.40625603915 0.0 0.0
7.42669178608 0.0 0.0
7.44711846547 0.0 0.0
7.46754609247 0.0 0.0
7.48801027595 0.0 0.0
7.50853308906 0.0 0.0
7.52912709548 0.0 0.0
7.54980751381 0.0 0.0
7.57059032625 0.0 0.0
7.59140242635 0.0 0.0
7.61218120591 0.0 0.0
7.63296327216 0.0 0.0
7.65373510842 0.0 0.0
7.67451372409 0.0 0.0
7.69531247031 0.0 0.0
7.71616278718 0.0 0.0
7.73707193972 0.0 0.0
7.75805547088 0.0 0.0
7.77908133789 0.0 0.0
7.8001184002 0.0 0.0
7.82112769281 0.0 0.0
7.84206360254 0.0 0.0
7.86296243186 0.0 0.0
7.88380307611 0.0 0.0
7.90458416578 0.0 0.0
7.92531797448 0.0 0.0
7.94602238633 0.0 0.0
7.9667072874 0.0 0.0
7.98737463356 0.0 0.0
8.00804690398 0.0 0.0
8.02875146366 0.0 0.0
8.04950466357 0.0 0.0
8.07032440818 0.0 0.0
8.0912225373 0.0 0.0
8.11217027831 0.0 0.0
8.1331763531 0.0 0.0
8.15424671587 0.0 0.0
8.17537155235 0.0 0.0
8.19649135194 0.0 0.0
8.21762177465 0.0 0.0
8.2387462436 0.0 0.0
8.25990199373 0.0 0.0
8.28109482289 0.0 0.0
8.30224762223 0.0 0.0
8.32336743577 0.0 0.0
8.3444449826 0.0 0.0
8.36546841811 0.0 0.0
8.38643964475 0.0 0.0
8.40736211476 0.0 0.0
8.42824119303 0.0 0.0
8.44909468459 0.0 0.0
8.46992296842 0.0 0.0
8.49074428254 0.0 0.0
8.51158656239 0.0 0.0
8.5324694814 0.0 0.0
8.55341731162 0.0 0.0
8.57444214565 0.0 0.0
8.59555085599 0.0 0.0
8.61668998683 0.0 0.0
8.6377852323 0.0 0.0
8.65885924673 0.0 0.0
8.6799375531 0.0 0.0
8.70102978479 0.0 0.0
8.7221679811 0.0 0.0
8.74339646492 0.0 0.0
8.76473132286 0.0 0.0
8.78615757572 0.0 0.0
8.80762659799 0.0 0.0
8.82907774332 0.0 0.0
8.85047431807 0.0 0.0
8.87182323045 0.0 0.0
8.89314851027 0.0 0.0
8.91441046074 0.0 0.0
8.93560555189 0.0 0.0
8.956746812 0.0 0.0
8.97784866749 0.0 0.0
8.998918672 0.0 0.0
9.0 0.0 0.0
9.02107225064 0.0 0.0
9.04214606447 0.0 0.0
9.06323646911 0.0 0.0
9.08435678035 0.0 0.0
9.10553237746 0.0 0.0
9.12678011687 0.0 0.0
9.14807283085 0.0 0.0
9.16942087732 0.0 0.0
9.1908385788 0.0 0.0
9.21228303849 0.0 0.0
9.23375633183 0.0 0.0
9.25524306589 0.0 0.0
9.27675716133 0.0 0.0
9.29831472795 0.0 0.0
9.31986233602 0.0 0.0
9.34139832784 0.0 0.0
9.36288298557 0.0 0.0
9.38433213088 0.0 0.0
9.40573120778 0.0 0.0
9.42706648864 0.0 0.0
9.44834814523 0.0 0.0
9.46959380556 0.0 0.0
9.49080726863 0.0 0.0
9.51199917992 0.0 0.0
9.53318973886 0.0 0.0
9.55440037389 0.0 0.0
9.57565269892 0.0 0.0
9.5969578644 0.0 0.0
9.61832846467 0.0 0.0
9.63976623363 0.0 0.0
9.66117551611 0.0 0.0
9.68257762268 0.0 0.0
9.70398557517 0.0 0.0
9.72544531654 0.0 0.0
9.74699604956 0.0 0.0
9.76862675766 0.0 0.0
9.79033170447 0.0 0.0
9.81210383534 0.0 0.0
9.83385888024 0.0 0.0
9.8556191101 0.0 0.0
9.87735605106 0.0 0.0
9.89906730177 0.0 0.0
9.92075846215 0.0 0.0
9.94240073487 0.0 0.0
9.96397826937 0.0 0.0
9.98550267739 0.0 0.0
10.0069752891 0.0 0.0
10.0284059768 0.0 0.0
10.0498195415 0.0 0.0
10.0712309896 0.0 0.0
10.0926465845 0.0 0.0
10.1140783863 0.0 0.0
10.1355433379 0.0 0.0
10.1570640508 0.0 0.0
10.1786392479 0.0 0.0
10.2002629104 0.0 0.0
10.2219481954 0.0 0.0
10.2437079456 0.0 0.0
10.265482551 0.0 0.0
10.2872835577 0.0 0.0
10.3091134256 0.0 0.0
10.3309776718 0.0 0.0
10.3528153978 0.0 0.0
10.3746336648 0.0 0.0
10.3964171526 0.0 0.0
10.4181830408 0.0 0.0
10.4399341578 0.0 0.0
10.4616229837 0.0 0.0
10.4832555157 0.0 0.0
10.5048449608 0.0 0.0
10.5264003744 0.0 0.0
10.5479304733 0.0 0.0
10.569449039 0.0 0.0
10.5909758102 0.0 0.0
10.6125291792 0.0 0.0
10.6341226786 0.0 0.0
10.6557688876 0.0 0.0
10.677472016 0.0 0.0
10.6992064457 0.0 0.0
10.7209618526 0.0 0.0
10.7427613576 0.0 0.0
10.7646207121 0.0 0.0
10.7865285336 0.0 0.0
10.8 0.0 0.0
10.822010923 0.0 0.0
10.8440170717 0.0 0.0
10.8660388485 0.0 0.0
10.8880291089 0.0 0.0
10.9099782081 0.0 0.0
10.9319070984 0.0 0.0
10.9538334344 0.0 0.0
10.9757466691 0.0 0.0
10.9976544936 0.0 0.0
11.0195305862 0.0 0.0
11.0413498798 0.0 0.0
11.0631200195 0.0 0.0
11.08486283 0.0 0.0
11.1065927407 0.0 0.0
11.1283219403 0.0 0.0
11.1500531193 0.0 0.0
11.1718012664 0.0 0.0
11.1935827656 0.0 0.0
11.2154127162 0.0 0.0
11.2372902921 0.0 0.0
11.2592177573 0.0 0.0
11.2811949756 0.0 0.0
11.3032338267 0.0 0.0
11.3253127534 0.0 0.0
11.347411869 0.0 0.0
11.3695292251 0.0 0.0
11.3916382632 0.0 0.0
11.4137318246 0.0 0.0
11.4358070433 0.0 0.0
11.4578663156 0.0 0.0
11.4799196946 0.0 0.0
11.501918944 0.0 0.0
11.5238641636 0.0 0.0
11.545765835 0.0 0.0
11.5676354957 0.0 0.0
11.5894774295 0.0 0.0
11.6113029142 0.0 0.0
11.6331262069 0.0 0.0
11.6549643512 0.0 0.0
11.6768296091 0.0 0.0
11.6987333925 0.0 0.0
11.7206835407 0.0 0.0
11.7426934171 0.0 0.0
11.7647327022 0.0 0.0
11.7868101888 0.0 0.0
11.8089318604 0.0 0.0
11.8310895982 0.0 0.0
11.8532837653 0.0 0.0
11.8755224161 0.0 0.0
11.8977325986 0.0 0.0
11.9199150451 0.0 0.0
11.9420777282 0.0 0.0
11.9642217671 0.0 0.0
11.9863563638 0.0 0.0
12.008497629 0.0 0.0
12.0306661368 0.0 0.0
12.0528741462 0.0 0.0
12.0750270787 0.0 0.0
12.0971314098 0.0 0.0
12.1191935856 0.0 0.0
12.1412300128 0.0 0.0
12.1632486247 0.0 0.0
12.1852587963 0.0 0.0
12.2072691821 0.0 0.0
12.2292933798 0.0 0.0
12.2513445153 0.0 0.0
12.2734363055 0.0 0.0
12.2955768504 0.0 0.0
12.3177580194 0.0 0.0
12.3399876857 0.0 0.0
12.3622712157 0.0 0.0
12.3845753241 0.0 0.0
12.4068963141 0.0 0.0
12.42923341 0.0 0.0
12.4515769368 0.0 0.0
12.4739153527 0.0 0.0
12.4962429576 0.0 0.0
12.5185541529 0.0 0.0
12.5408567545 0.0 0.0
12.5631059985 0.0 0.0
12.5853090354 0.0 0.0
12.6 0.0 0.0
12.6221333409 0.0 0.0
12.6442494985 0.0 0.0
12.666348692 0.0 0.0
12.688444816 0.0 0.0
12.7105458474 0.0 0.0
12.7326743996 0.0 0.0
12.7548306815 0.0 0.0
12.7770291399 0.0 0.0
12.7992791592 0.0 0.0
12.8215541622 0.0 0.0
12.843862146 0.0 0.0
12.8662119104 0.0 0.0
12.8886041261 0.0 0.0
12.9110307201 0.0 0.0
12.9334420518 0.0 0.0
12.9558373988 0.0 0.0
12.978212713 0.0 0.0
13.0005757774 0.0 0.0
13.0229401458 2.22044604925e-16 2.22044604925e-15
13.0453207938 0.0 0.0
13.0677321828 0.0 0.0
13.0901814369 0.0 0.0
13.1126480791 0.0 0.0
13.1350619509 0.0 0.0
13.1574279638 0.0 0.0
13.1797544132 2.22044604925e-16 2.22044604925e-15
13.2020504306 2.22044604925e-16 2.22044604925e-15
13.2243261192 2.22044604925e-16 2.22044604925e-15
13.2465890357 -1.11022302463e-16 -1.11022302463e-15
13.2688503193 2.22044604925e-16 2.22044604925e-15
13.2911230674 2.22044604925e-16 2.22044604925e-15
13.3134177193 2.22044604925e-16 2.22044604925e-15
13.3357475218 2.22044604925e-16 2.22044604925e-15
13.3581182281 2.22044604925e-16 2.22044604925e-15
13.3805230396 2.22044604925e-16 2.22044604925e-15
13.4029715602 6.66133814775e-16 6.66133814775e-15
13.4254645965 8.881784197e-16 8.881784197e-15
13.4479698373 1.11022302463e-15 1.11022302463e-14
13.4704915656 1.33226762955e-15 1.33226762955e-14
13.493028596 1.55431223448e-15 1.55431223448e-14
13.5155786164 1.7763568394e-15 1.7763568394e-14
13.5381399054 1.7763568394e-15 1.7763568394e-14
13.5606891079 2.22044604925e-15 2.22044604925e-14
13.5832268388 3.10862446895e-15 3.10862446895e-14
13.6057597638 4.21884749358e-15 4.21884749358e-14
13.6282480676 6.2172489379e-15 6.2172489379e-14
13.6506923536 8.21565038223e-15 8.21565038223e-14
13.6731034896 9.99200722163e-15 9.99200722163e-14
13.6954835421 1.1768364061e-14 1.1768364061e-13
13.7178429201 1.31006316906e-14 1.31006316906e-13
13.740190778 1.39888101103e-14 1.39888101103e-13
13.7625402017 1.50990331349e-14 1.50990331349e-13
13.7848985806 1.64313007645e-14 1.64313007645e-13
13.8072775886 1.95399252334e-14 1.95399252334e-13
13.8296878866 2.59792187762e-14 2.59792187762e-13
13.8521399461 4.01900734914e-14 4.01900734914e-13
13.8746242615 7.21644966006e-14 7.21644966006e-13
13.8971361197 1.15907283771e-13 1.15907283771e-12
13.9196845386 1.62092561595e-13 1.62092561595e-12
13.9422776776 2.09610107049e-13 2.09610107049e-12
13.9648873605 2.57127652503e-13 2.57127652503e-12
13.9874851523 3.02646796513e-13 3.02646796513e-12
14.0100680899 3.45945494473e-13 3.45945494473e-12
14.0326452969 3.84359211125e-13 3.84359211125e-12
14.0552248538 4.1389114358e-13 4.1389114358e-12
14.0778152001 4.32986979604e-13 4.32986979604e-12
14.100426496 4.38316050122e-13 4.38316050122e-12
14.1230648925 4.51416681813e-13 4.51416681813e-12
14.1457417124 4.8916426465e-13 4.8916426465e-12
14.1684533049 5.90860693706e-13 5.90860693706e-12
14.1911132026 8.56426041196e-13 8.56426041196e-12
14.2137257293 1.36757272173e-12 1.36757272173e-11
14.2362962308 1.93378646429e-12 1.93378646429e-11
14.2588339809 2.46891396216e-12 2.46891396216e-11
14.2813452338 2.93609581092e-12 2.93609581092e-11
14.3038410854 3.26716431687e-12 3.26716431687e-11
14.3263293083 3.59823282281e-12 3.59823282281e-11
14.3488238576 4.21174206622e-12 4.21174206622e-11
14.371333394 5.43520783935e-12 5.43520783935e-11
14.3938702777 7.51176898461e-12 7.51176898461e-11
14.4 8.18856094043e-12 8.18856094043e-11
14.4226009002 1.09625641898e-11 1.09625641898e-10
14.4452112181 1.41315847912e-11 1.41315847912e-10
14.467862776 1.75843783978e-11 1.75843783978e-10
14.4905461945 2.11652917415e-11 2.11652917415e-10
14.5132386992 2.47346587656e-11 2.47346587656e-10
14.535950861 2.82094347881e-11 2.82094347881e-10
14.5586803133 3.13884473968e-11 3.13884473968e-10
14.5814250759 3.40125705378e-11 3.40125705378e-10
14.6041831399 3.57562868203e-11 3.57562868203e-10
14.6269341738 3.62703200807e-11 3.62703200807e-10
14.6496773469 3.67577079885e-11 3.67577079885e-10
14.672419166 3.87598841911e-11 3.87598841911e-10
14.6951272941 4.46553904965e-11 4.46553904965e-10
14.7177948538 6.05391292652e-11 6.05391292652e-10
14.7404299053 1.01472608094e-10 1.01472608094e-09
14.7630381792 1.70227609786e-10 1.70227609786e-09
14.7856245515 2.43748354833e-10 2.43748354833e-09
14.8081991577 3.18147508338e-10 3.18147508338e-09
14.8307712403 3.90999232991e-10 3.90999232991e-09
14.853351646 4.59036364475e-10 4.59036364475e-09
14.8759488578 5.20802734272e-10 5.20802734272e-09
14.8985731411 5.69570834941e-10 5.69570834941e-09
14.9212358727 6.01480421025e-10 6.01480421025e-09
14.9439278076 6.58024967848e-10 6.58024967848e-09
14.9666454868 7.6132256055e-10 7.6132256055e-09
14.9893977104 9.09739616972e-10 9.09739616972e-09
15.0121909741 1.08519837561e-09 1.08519837561e-08
15.0349788106 1.27147581352e-09 1.27147581352e-08
15.05775458 1.45707979016e-09 1.45707979016e-08
15.0805238428 1.62590363395e-09 1.62590363395e-08
15.1032946058 1.76364323146e-09 1.76364323146e-08
15.1260769316 1.84853310436e-09 1.84853310436e-08
15.1488783954 1.95122340507e-09 1.95122340507e-08
15.1717101153 2.1653967508e-09 2.1653967508e-08
15.1945804971 2.62991894928e-09 2.62991894928e-08
15.2174714054 3.65433128202e-09 3.65433128202e-08
15.2403759784 5.23002907649e-09 5.23002907649e-08
15.2632328546 7.09241310126e-09 7.09241310126e-08
15.28604614 9.19006848399e-09 9.19006848399e-08
15.3088208102 1.14645879457e-08 1.14645879457e-07
15.3315650854 1.38210418665e-08 1.38210418665e-07
15.3542850929 1.61684907685e-08 1.61684907685e-07
15.3769914523 1.84299850936e-08 1.84299850936e-07
15.3996924446 2.04940857618e-08 2.04940857618e-07
15.4224008148 2.22623983692e-08 2.22623983692e-07
15.4451240527 2.36932644615e-08 2.36932644615e-07
15.4678736968 2.47021427757e-08 2.47021427757e-07
15.4906494803 2.55966441376e-08 2.55966441376e-07
15.513454525 2.68182827057e-08 2.68182827057e-07
15.5362964231 2.88225336931e-08 2.88225336931e-07
15.5591606823 3.23244109257e-08 3.23244109257e-07
15.5820353368 3.85038019246e-08 3.85038019246e-07
15.6049264193 4.83762745418e-08 4.83762745418e-07
15.6278382987 6.24539440164e-08 6.24539440164e-07
15.6507699236 8.10116858041e-08 8.10116858041e-07
15.6737069365 1.03924363559e-07 1.03924363559e-06
15.6966381832 1.30434967049e-07 1.30434967049e-06
15.7195638112 1.59919943954e-07 1.59919943954e-06
15.7424915175 1.91643650282e-07 1.91643650282e-06
15.7654015367 2.243728634e-07 2.243728634e-06
15.7882742127 2.56869951309e-07 2.56869951309e-06
15.8111134135 2.87308695279e-07 2.87308695279e-06
15.8339271924 3.14394348111e-07 3.14394348111e-06
15.8567190213 3.36426211778e-07 3.36426211778e-06
15.8794985216 3.50128894766e-07 3.50128894766e-06
15.9022745278 3.55155870713e-07 3.55155870713e-06
15.9250579685 3.66539274932e-07 3.66539274932e-06
15.9478560282 3.96767291022e-07 3.96767291022e-06
15.9706788308 4.7111274637e-07 4.7111274637e-06
15.9935376832 5.96613019432e-07 5.96613019432e-06
16.0164191407 7.54971027916e-07 7.54971027916e-06
16.0393244233 9.43171955425e-07 9.43171955425e-06
16.0622618532 1.15607395923e-06 1.15607395923e-05
16.0852220302 1.38588937726e-06 1.38588937726e-05
16.1081698083 1.62232683465e-06 1.62232683465e-05
16.1311135577 1.85396262564e-06 1.85396262564e-05
16.15406276 2.07184179035e-06 2.07184179035e-05
16.1770248793 2.27120840179e-06 2.27120840179e-05
16.2 2.44222425483e-06 2.44222425483e-05
16.2230147032 2.57045914021e-06 2.57045914021e-05
16.2460505458 2.70177563189e-06 2.70177563189e-05
16.2691018711 2.8953316944e-06 2.8953316944e-05
16.2921590316 3.19390332271e-06 3.19390332271e-05
16.3152179283 3.63072392928e-06 3.63072392928e-05
16.3382596325 4.22724679794e-06 4.22724679794e-05
16.3612611208 4.99932738185e-06 4.99932738185e-05
16.3842263695 5.94511787977e-06 5.94511787977e-05
16.4071635196 7.06042790122e-06 7.06042790122e-05
16.4300790798 8.33674017398e-06 8.33674017398e-05
16.4529827376 9.74951654098e-06 9.74951654098e-05
16.4758822441 1.12666120968e-05 0.000112666120968
16.4987885351 1.28635961973e-05 0.000128635961973
16.5217093416 1.45226501505e-05 0.000145226501505
16.5446529384 1.62106690451e-05 0.000162106690451
16.5676188964 1.78857230138e-05 0.000178857230138
16.5906112998 1.95234557103e-05 0.000195234557103
16.6136381971 2.10818039763e-05 0.000210818039763
16.6366751151 2.25144020738e-05 0.000225144020738
16.6597250197 2.37797479481e-05 0.000237797479481
16.6827924023 2.48120972115e-05 0.000248120972115
16.7058794727 2.54575097611e-05 0.000254575097611
16.7289855526 2.55040095858e-05 0.000255040095858
16.752087504 2.51337789328e-05 0.000251337789328
16.7751859354 2.51737592623e-05 0.000251737592623
16.7982846434 2.62047798392e-05 0.000262047798392
16.8213920689 2.9562657083e-05 0.00029562657083
16.8444759237 3.81689345514e-05 0.000381689345514
16.8675249958 5.87750102981e-05 0.000587750102981
16.8905434124 0.000107462792512 0.00107462792512
16.9135395058 0.000222226706228 0.00222226706228
16.9365173574 0.000489624643055 0.00489624643055
16.9594856796 0.000917994641788 0.00917994641788
16.9824518202 0.00141168398786 0.0141168398786
17.0054264732 0.00199307374272 0.0199307374272
17.0284156623 0.00269175366879 0.0269175366879
17.0514297446 0.00353216124748 0.0353216124748
17.0744739191 0.00452679734395 0.0452679734395
17.0975357643 0.00568982894533 0.0568982894533
17.1206214895 0.00704631436979 0.0704631436979
17.1437397271 0.00862933345696 0.0862933345696
17.1668539235 0.0104703990527 0.104703990527
17.1899691006 0.0126103621506 0.126103621506
17.213091849 0.0150851073333 0.150851073333
17.2362292752 0.0179184526521 0.179184526521
17.2593903658 0.0211314456055 0.211314456055
17.282571346 0.0247300117357 0.247300117357
17.3057636769 0.0287432348778 0.287432348778
17.3289709466 0.0331727453612 0.331727453612
17.3521853221 0.0380217102095 0.380217102095
17.3753913121 0.0432526203809 0.432526203809
17.3985904871 0.0488380442931 0.488380442931
17.421779397 0.0547756356545 0.547756356545
17.4449488004 0.0610491048998 0.610491048998
17.468085405 0.0676417096815 0.676417096815
17.4911973295 0.0745291472997 0.745291472997
17.5142909684 0.081674301016 0.81674301016
17.5373756891 0.0890262648181 0.890262648181
17.5604578123 0.0965245465384 0.965245465384
17.5835466362 0.10410238757 1.0410238757
17.6066497996 0.111683052151 1.11683052151
17.629774603 0.119224039362 1.19224039362
17.6529192298 0.126681066309 1.26681066309
17.6760897403 0.133985394871 1.33985394871
17.6992826126 0.14106781319 1.4106781319
17.7224839144 0.147876070227 1.47876070227
17.7456990011 0.154358652862 1.54358652862
17.7689325918 0.160466455138 1.60466455138
17.79218571 0.166188181444 1.66188181444
17.8154445962 0.171536715624 1.71536715624
17.8387031119 0.176548076989 1.76548076989
17.861961018 0.181257854269 1.81257854269
17.8852257662 0.185712217966 1.85712217966
17.9084910539 0.189944754928 1.89944754928
17.9317282561 0.193988186823 1.93988186823
17.9549344994 0.197898153427 1.97898153427
17.9781155999 0.201731798908 2.01731798908
18.0 0.205301947775 2.05301947775
