0.0 0.0 0.0
0.00804233310659 0.0 0.0
0.0160846662132 0.0 0.0
0.0241321973471 0.0 0.0
0.0321942562054 0.0 0.0
0.0402821667432 0.0 0.0
0.0484071692075 0.0 0.0
0.0565788433321 0.0 0.0
0.0648065293555 0.0 0.0
0.0731004896987 0.0 0.0
0.0814240636665 0.0 0.0
0.0897807181375 0.0 0.0
0.0981802834799 0.0 0.0
0.106640307074 0.0 0.0
0.11516533718 0.0 0.0
0.123729737637 0.0 0.0
0.132304843586 0.0 0.0
0.140908948184 0.0 0.0
0.149570383491 0.0 0.0
0.158320951727 0.0 0.0
0.16718847586 0.0 0.0
0.176192531827 0.0 0.0
0.185347087128 0.0 0.0
0.194664824715 0.0 0.0
0.204159385835 0.0 0.0
0.213846076519 0.0 0.0
0.223740150834 0.0 0.0
0.233855712357 0.0 0.0
0.24420641681 0.0 0.0
0.254813207868 0.0 0.0
0.265624092294 0.0 0.0
0.276620164824 0.0 0.0
0.287818906299 0.0 0.0
0.299212064604 0.0 0.0
0.310806584282 0.0 0.0
0.32263082747 0.0 0.0
0.33466980216 0.0 0.0
0.346939294041 0.0 0.0
0.359342021424 0.0 0.0
0.371709278871 0.0 0.0
0.384014312788 0.0 0.0
0.396339909832 0.0 0.0
0.408769707174 0.0 0.0
0.421412346669 0.0 0.0
0.434304393577 0.0 0.0
0.44736604916 0.0 0.0
0.460514204057 0.0 0.0
0.473797279324 0.0 0.0
0.487282982475 0.0 0.0
0.500993276996 0.0 0.0
0.51497405738 0.0 0.0
0.529286715442 0.0 0.0
0.543981516613 0.0 0.0
0.558972828148 0.0 0.0
0.573917084213 0.0 0.0
0.58886195905 0.0 0.0
0.603851574528 0.0 0.0
0.618906211788 0.0 0.0
0.634028778924 0.0 0.0
0.64924617789 0.0 0.0
0.664599069244 0.0 0.0
0.680103752719 0.0 0.0
0.695513929078 0.0 0.0
0.710880277475 0.0 0.0
0.726260099199 0.0 0.0
0.741696035435 0.0 0.0
0.757219876497 0.0 0.0
0.77289092122 0.0 0.0
0.788741000605 0.0 0.0
0.80475107738 0.0 0.0
0.82078640244 0.0 0.0
0.836845641935 0.0 0.0
0.85290665433 0.0 0.0
0.868918515417 0.0 0.0
0.884883545427 0.0 0.0
0.900781775692 0.0 0.0
0.916655404353 0.0 0.0
0.932594720915 0.0 0.0
0.948689326025 0.0 0.0
0.964970444704 0.0 0.0
0.981358680717 0.0 0.0
0.997847979967 0.0 0.0
1.01430293717 0.0 0.0
1.0306534086 0.0 0.0
1.04691186593 0.0 0.0
1.06310426136 0.0 0.0
1.07914197556 0.0 0.0
1.09507059065 0.0 0.0
1.11093748667 0.0 0.0
1.12682708933 0.0 0.0
1.14283586364 0.0 0.0
1.15899409115 0.0 0.0
1.17530393263 0.0 0.0
1.1916667096 0.0 0.0
1.20780171462 0.0 0.0
1.22410951738 0.0 0.0
1.24062738909 0.0 0.0
1.25720262606 0.0 0.0
1.27390588599 0.0 0.0
1.29062768237 0.0 0.0
1.30741333623 0.0 0.0
1.32431070142 0.0 0.0
1.34129020927 0.0 0.0
1.35823992524 0.0 0.0
1.37527578639 0.0 0.0
1.39228652028 0.0 0.0
1.40930420483 0.0 0.0
1.42622548729 0.0 0.0
1.44292607787 0.0 0.0
1.45945233843 0.0 0.0
1.47597448002 0.0 0.0
1.49249661596 0.0 0.0
1.50905758655 0.0 0.0
1.52572146339 0.0 0.0
1.54244281699 0.0 0.0
1.55919360809 0.0 0.0
1.57593132811 0.0 0.0
1.59271150836 0.0 0.0
1.60953692447 0.0 0.0
1.62630842511 0.0 0.0
1.64308465485 0.0 0.0
1.66011167446 0.0 0.0
1.6775166309 0.0 0.0
1.69500923139 0.0 0.0
1.71235150689 0.0 0.0
1.72960771125 0.0 0.0
1.74715189599 0.0 0.0
1.76435021785 0.0 0.0
1.78135206749 0.0 0.0
1.79839022457 0.0 0.0
1.8 0.0 0.0
1.81745427962 0.0 0.0
1.83493664794 0.0 0.0
1.85234354141 0.0 0.0
1.86979426377 0.0 0.0
1.88711004545 0.0 0.0
1.90427824428 0.0 0.0
1.9213571706 0.0 0.0
1.93843450657 0.0 0.0
1.95549146744 0.0 0.0
1.97256194707 0.0 0.0
1.98958199368 0.0 0.0
2.00657931948 0.0 0.0
2.02367139264 0.0 0.0
2.04076375347 0.0 0.0
2.05788441812 0.0 0.0
2.07514762118 0.0 0.0
2.09253191933 0.0 0.0
2.10996751923 0.0 0.0
2.1273961256 0.0 0.0
2.14494937812 0.0 0.0
2.16261743094 0.0 0.0
2.18024890126 0.0 0.0
2.19785017512 0.0 0.0
2.21542951212 0.0 0.0
2.23303374862 0.0 0.0
2.25072807854 0.0 0.0
2.26859269776 0.0 0.0
2.28635208088 0.0 0.0
2.30413930167 0.0 0.0
2.32187374672 0.0 0.0
2.33959658737 0.0 0.0
2.3572343326 0.0 0.0
2.37476356876 0.0 0.0
2.39228131477 0.0 0.0
2.40975358862 0.0 0.0
2.42721271723 0.0 0.0
2.44464565406 0.0 0.0
2.46212636273 0.0 0.0
2.47965568814 0.0 0.0
2.49722914345 0.0 0.0
2.51489565199 0.0 0.0
2.53264343441 0.0 0.0
2.55054581073 0.0 0.0
2.56843936442 0.0 0.0
2.58615779362 0.0 0.0
2.6037646971 0.0 0.0
2.6213566604 0.0 0.0
2.63910527416 0.0 0.0
2.65701786131 0.0 0.0
2.67502720591 0.0 0.0
2.69311362628 0.0 0.0
2.71117419253 0.0 0.0
2.7290601281 0.0 0.0
2.74692752642 0.0 0.0
2.76489211024 0.0 0.0
2.78315676673 0.0 0.0
2.80134883224 0.0 0.0
2.81954484592 0.0 0.0
2.83773051188 0.0 0.0
2.8558111599 0.0 0.0
2.87374159016 0.0 0.0
2.89161238913 0.0 0.0
2.90951618413 0.0 0.0
2.92744330358 0.0 0.0
2.94528704925 0.0 0.0
2.96314766437 0.0 0.0
2.98111510161 0.0 0.0
2.99919200417 0.0 0.0
3.0173236056 0.0 0.0
3.03552260689 0.0 0.0
3.05381896149 0.0 0.0
3.0721545659 0.0 0.0
3.09062593101 0.0 0.0
3.10914915964 0.0 0.0
3.12775500978 0.0 0.0
3.14628328381 0.0 0.0
3.16471827512 0.0 0.0
3.18301210539 0.0 0.0
3.2012127384 0.0 0.0
3.21934824641 0.0 0.0
3.23755778703 0.0 0.0
3.25589348413 0.0 0.0
3.27431179187 0.0 0.0
3.29279013668 0.0 0.0
3.31119504621 0.0 0.0
3.32947882402 0.0 0.0
3.34765903074 0.0 0.0
3.36580238614 0.0 0.0
3.38398726426 0.0 0.0
3.40222508038 0.0 0.0
3.42044136937 0.0 0.0
3.43869993063 0.0 0.0
3.45700351118 0.0 0.0
3.47535816929 0.0 0.0
3.49381626628 0.0 0.0
3.51243032509 0.0 0.0
3.53114520706 0.0 0.0
3.54985889139 0.0 0.0
3.56870583306 0.0 0.0
3.5875362132 0.0 0.0
3.6 0.0 0.0
3.61880638201 0.0 0.0
3.6376603414 0.0 0.0
3.65669000832 0.0 0.0
3.67574300444 0.0 0.0
3.6946722782 0.0 0.0
3.71352141931 0.0 0.0
3.73238632696 0.0 0.0
3.75127590109 0.0 0.0
3.77018936681 0.0 0.0
3.78896337406 0.0 0.0
3.80759033885 0.0 0.0
3.82620900956 0.0 0.0
3.84489058269 0.0 0.0
3.86352158985 0.0 0.0
3.882116497 0.0 0.0
3.9007205762 0.0 0.0
3.91936003279 0.0 0.0
3.93794988654 0.0 0.0
3.95651988329 0.0 0.0
3.97518594371 0.0 0.0
3.99392870175 0.0 0.0
4.01257300155 0.0 0.0
4.03129652475 0.0 0.0
4.050114369 0.0 0.0
4.06901824439 0.0 0.0
4.088035472 0.0 0.0
4.10707090822 0.0 0.0
4.12630765849 0.0 0.0
4.14563479332 0.0 0.0
4.16492099461 0.0 0.0
4.18411974789 0.0 0.0
4.20330985779 0.0 0.0
4.2225435125 0.0 0.0
4.2417987399 0.0 0.0
4.26093714468 0.0 0.0
4.2799394003 0.0 0.0
4.29884158732 0.0 0.0
4.31770468952 0.0 0.0
4.33656989279 0.0 0.0
4.35544064836 0.0 0.0
4.37429884266 0.0 0.0
4.39308323377 0.0 0.0
4.41184285962 0.0 0.0
4.43063470331 0.0 0.0
4.44953266194 0.0 0.0
4.46856585586 0.0 0.0
4.48761822315 0.0 0.0
4.50673781473 0.0 0.0
4.5260308084 0.0 0.0
4.54534658367 0.0 0.0
4.56459688701 0.0 0.0
4.58394255194 0.0 0.0
4.60348846508 0.0 0.0
4.62311442411 0.0 0.0
4.64268800398 0.0 0.0
4.66209385402 0.0 0.0
4.68144323134 0.0 0.0
4.70059047653 0.0 0.0
4.71968573651 0.0 0.0
4.73895890441 0.0 0.0
4.75836342693 0.0 0.0
4.77775534943 0.0 0.0
4.79715328359 0.0 0.0
4.81653318166 0.0 0.0
4.83583366684 0.0 0.0
4.85508279341 0.0 0.0
4.87435322857 0.0 0.0
4.89360322617 0.0 0.0
4.91277383162 0.0 0.0
4.931963411 0.0 0.0
4.95124452373 0.0 0.0
4.97053263036 0.0 0.0
4.98983819026 0.0 0.0
5.0092026151 0.0 0.0
5.02870207441 0.0 0.0
5.04833629807 0.0 0.0
5.0680470575 0.0 0.0
5.08779545262 0.0 0.0
5.10751998285 0.0 0.0
5.12713323259 0.0 0.0
5.146776913 0.0 0.0
5.16655824163 0.0 0.0
5.1864347181 0.0 0.0
5.20625884833 0.0 0.0
5.22608103039 0.0 0.0
5.24587629822 0.0 0.0
5.26549480878 0.0 0.0
5.28500305221 0.0 0.0
5.30449378545 0.0 0.0
5.32398661652 0.0 0.0
5.34345950342 0.0 0.0
5.36288042545 0.0 0.0
5.38226515909 0.0 0.0
5.4 0.0 0.0
5.41939053573 0.0 0.0
5.43884306596 0.0 0.0
5.45839403922 0.0 0.0
5.4779793447 0.0 0.0
5.49763197659 0.0 0.0
5.51742072084 0.0 0.0
5.53724355255 0.0 0.0
5.55715656547 0.0 0.0
5.57712808153 0.0 0.0
5.59709619283 0.0 0.0
5.61705847918 0.0 0.0
5.63702464922 0.0 0.0
5.65697597234 0.0 0.0
5.67698539736 0.0 0.0
5.69706858862 0.0 0.0
5.7172115135 0.0 0.0
5.73738062889 0.0 0.0
5.757538186 0.0 0.0
5.77759814789 0.0 0.0
5.79754299651 0.0 0.0
5.81744481196 0.0 0.0
5.83732081239 0.0 0.0
5.8571899276 0.0 0.0
5.8770381676 0.0 0.0
5.89687412644 0.0 0.0
5.91666653629 0.0 0.0
5.93644313358 0.0 0.0
5.95624968804 0.0 0.0
5.9760634944 0.0 0.0
5.99590650051 0.0 0.0
6.0158234699 0.0 0.0
6.03582795136 0.0 0.0
6.05589149535 0.0 0.0
6.07600920837 0.0 0.0
6.09618124872 0.0 0.0
6.11642591965 0.0 0.0
6.13677939125 0.0 0.0
6.15711779419 0.0 0.0
6.17745411486 0.0 0.0
6.19779297514 0.0 0.0
6.21810855149 0.0 0.0
6.23845908944 0.0 0.0
6.25870043918 0.0 0.0
6.27883799213 0.0 0.0
6.29895444661 0.0 0.0
6.31907554412 0.0 0.0
6.33916042055 0.0 0.0
6.35919049083 0.0 0.0
6.3791653364 0.0 0.0
6.39910777006 0.0 0.0
6.41905797306 0.0 0.0
6.43904145024 0.0 0.0
6.45907984132 0.0 0.0
6.47914546952 0.0 0.0
6.49927440527 0.0 0.0
6.51951274645 0.0 0.0
6.53985002212 0.0 0.0
6.56029949524 0.0 0.0
6.58078309521 0.0 0.0
6.60128913286 0.0 0.0
6.62167378009 0.0 0.0
6.64204644738 0.0 0.0
6.66243685315 0.0 0.0
6.68289288416 0.0 0.0
6.70345339724 0.0 0.0
6.72409184882 0.0 0.0
6.74466600716 0.0 0.0
6.76516677767 0.0 0.0
6.78573671947 0.0 0.0
6.80625339865 0.0 0.0
6.82670204854 0.0 0.0
6.84710876466 0.0 0.0
6.867485762 0.0 0.0
6.88781830582 0.0 0.0
6.90811626184 0.0 0.0
6.92839126905 0.0 0.0
6.94863568703 0.0 0.0
6.96887488087 0.0 0.0
6.98914072317 0.0 0.0
7.0094490309 0.0 0.0
7.02981457613 0.0 0.0
7.05026675756 0.0 0.0
7.07078211753 0.0 0.0
7.09135528589 0.0 0.0
7.11197384664 0.0 0.0
7.13264238061 0.0 0.0
7.15336467595 0.0 0.0
7.17404069065 0.0 0.0
7.19470026954 0.0 0.0
7.2 0.0 0.0
7.22074124172 0.0 0.0
7.24146241842 0.0 0.0
7.26223734868 0.0 0.0
7.28293267769 0.0 0.0
7.30358632282 0.0 0.0
7.32420255644 0.0 0.0
7.34478559565 0.0 0.0
7.36531570456 0.0 0.0
7.38580081639 0.0 0.0
7.40625603915 0.0 0.0
7.42669178608 0.0 0.0
7.44711846547 0.0 0.0
7.46754609247 0.0 0.0
7.48801027595 0.0 0.0
7.50853308906 0.0 0.0
7.52912709548 0.0 0.0
7.54980751381 0.0 0.0
7.57059032625 0.0 0.0
7.59140242635 0.0 0.0
7.61218120591 0.0 0.0
7.63296327216 0.0 0.0
7.65373510842 0.0 0.0
7.67451372409 0.0 0.0
7.69531247031 0.0 0.0
7.71616278718 0.0 0.0
7.73707193972 0.0 0.0
7.75805547088 0.0 0.0
7.77908133789 0.0 0.0
7.8001184002 0.0 0.0
7.82112769281 0.0 0.0
7.84206360254 0.0 0.0
7.86296243186 0.0 0.0
7.88380307611 0.0 0.0
7.90458416578 0.0 0.0
7.92531797448 0.0 0.0
7.94602238633 0.0 0.0
7.9667072874 0.0 0.0
7.98737463356 0.0 0.0
8.00804690398 0.0 0.0
8.02875146366 0.0 0.0
8.04950466357 0.0 0.0
8.07032440818 0.0 0.0
8.0912225373 0.0 0.0
8.11217027831 0.0 0.0
8.1331763531 0.0 0.0
8.15424671587 0.0 0.0
8.17537155235 0.0 0.0
8.19649135194 0.0 0.0
8.21762177465 0.0 0.0
8.2387462436 0.0 0.0
8.25990199373 0.0 0.0
8.28109482289 0.0 0.0
8.30224762223 0.0 0.0
8.32336743577 0.0 0.0
8.3444449826 0.0 0.0
8.36546841811 0.0 0.0
8.38643964475 0.0 0.0
8.40736211476 0.0 0.0
8.42824119303 0.0 0.0
8.44909468459 0.0 0.0
8.46992296842 0.0 0.0
8.49074428254 0.0 0.0
8.51158656239 0.0 0.0
8.5324694814 0.0 0.0
8.55341731162 0.0 0.0
8.57444214565 0.0 0.0
8.59555085599 0.0 0.0
8.61668998683 0.0 0.0
8.6377852323 0.0 0.0
8.65885924673 0.0 0.0
8.6799375531 0.0 0.0
8.70102978479 0.0 0.0
8.7221679811 0.0 0.0
8.74339646492 0.0 0.0
8.76473132286 0.0 0.0
8.78615757572 0.0 0.0
8.80762659799 0.0 0.0
8.82907774332 0.0 0.0
8.85047431807 0.0 0.0
8.87182323045 0.0 0.0
8.89314851027 0.0 0.0
8.91441046074 0.0 0.0
8.93560555189 0.0 0.0
8.956746812 0.0 0.0
8.97784866749 0.0 0.0
8.998918672 0.0 0.0
9.0 0.0 0.0
9.02107225064 0.0 0.0
9.04214606447 0.0 0.0
9.06323646911 0.0 0.0
9.08435678035 0.0 0.0
9.10553237746 0.0 0.0
9.12678011687 0.0 0.0
9.14807283085 0.0 0.0
9.16942087732 0.0 0.0
9.1908385788 0.0 0.0
9.21228303849 0.0 0.0
9.23375633183 0.0 0.0
9.25524306589 0.0 0.0
9.27675716133 0.0 0.0
9.29831472795 0.0 0.0
9.31986233602 0.0 0.0
9.34139832784 0.0 0.0
9.36288298557 0.0 0.0
9.38433213088 0.0 0.0
9.40573120778 0.0 0.0
9.42706648864 0.0 0.0
9.44834814523 0.0 0.0
9.46959380556 0.0 0.0
9.49080726863 0.0 0.0
9.51199917992 0.0 0.0
9.53318973886 0.0 0.0
9.55440037389 0.0 0.0
9.57565269892 0.0 0.0
9.5969578644 0.0 0.0
9.61832846467 0.0 0.0
9.63976623363 0.0 0.0
9.66117551611 0.0 0.0
9.68257762268 0.0 0.0
9.70398557517 0.0 0.0
9.72544531654 0.0 0.0
9.74699604956 0.0 0.0
9.76862675766 0.0 0.0
9.79033170447 0.0 0.0
9.81210383534 0.0 0.0
9.83385888024 0.0 0.0
9.8556191101 0.0 0.0
9.87735605106 0.0 0.0
9.89906730177 0.0 0.0
9.92075846215 0.0 0.0
9.94240073487 0.0 0.0
9.96397826937 0.0 0.0
9.98550267739 0.0 0.0
10.0069752891 0.0 0.0
10.0284059768 0.0 0.0
10.0498195415 0.0 0.0
10.0712309896 0.0 0.0
10.0926465845 0.0 0.0
10.1140783863 0.0 0.0
10.1355433379 0.0 0.0
10.1570640508 0.0 0.0
10.1786392479 0.0 0.0
10.2002629104 0.0 0.0
10.2219481954 0.0 0.0
10.2437079456 0.0 0.0
10.265482551 0.0 0.0
10.2872835577 0.0 0.0
10.3091134256 0.0 0.0
10.3309776718 0.0 0.0
10.3528153978 0.0 0.0
10.3746336648 2.22044604925e-16 2.22044604925e-15
10.3964171526 0.0 0.0
10.4181830408 0.0 0.0
10.4399341578 0.0 0.0
10.4616229837 2.22044604925e-16 2.22044604925e-15
10.4832555157 0.0 0.0
10.5048449608 2.22044604925e-16 2.22044604925e-15
10.5264003744 2.22044604925e-16 2.22044604925e-15
10.5479304733 0.0 0.0
10.569449039 2.22044604925e-16 2.22044604925e-15
10.5909758102 2.22044604925e-16 2.22044604925e-15
10.6125291792 0.0 0.0
10.6341226786 2.22044604925e-16 2.22044604925e-15
10.6557688876 4.4408920985e-16 4.4408920985e-15
10.677472016 6.66133814775e-16 6.66133814775e-15
10.6992064457 4.4408920985e-16 4.4408920985e-15
10.7209618526 8.881784197e-16 8.881784197e-15
10.7427613576 1.11022302463e-15 1.11022302463e-14
10.7646207121 1.55431223448e-15 1.55431223448e-14
10.7865285336 1.7763568394e-15 1.7763568394e-14
10.8 2.22044604925e-15 2.22044604925e-14
10.822010923 2.88657986403e-15 2.88657986403e-14
10.8440170717 3.5527136788e-15 3.5527136788e-14
10.8660388485 3.99680288865e-15 3.99680288865e-14
10.8880291089 5.10702591328e-15 5.10702591328e-14
10.9099782081 6.2172489379e-15 6.2172489379e-14
10.9319070984 7.32747196253e-15 7.32747196253e-14
10.9538334344 8.43769498715e-15 8.43769498715e-14
10.9757466691 9.99200722163e-15 9.99200722163e-14
10.9976544936 1.24344978758e-14 1.24344978758e-13
11.0195305862 1.50990331349e-14 1.50990331349e-13
11.0413498798 1.82076576039e-14 1.82076576039e-13
11.0631200195 2.24265050974e-14 2.24265050974e-13
11.08486283 2.73114864058e-14 2.73114864058e-13
11.1065927407 3.39728245535e-14 3.39728245535e-13
11.1283219403 4.24105195407e-14 4.24105195407e-13
11.1500531193 5.3290705182e-14 5.3290705182e-13
11.1718012664 6.77236045021e-14 6.77236045021e-13
11.1935827656 8.63753513158e-14 8.63753513158e-13
11.2154127162 1.11022302463e-13 1.11022302463e-12
11.2372902921 1.42774680967e-13 1.42774680967e-12
11.2592177573 1.84519066693e-13 1.84519066693e-12
11.2811949756 2.39586128714e-13 2.39586128714e-12
11.3032338267 3.1019631308e-13 3.1019631308e-12
11.3253127534 3.99236199655e-13 3.99236199655e-12
11.347411869 5.10702591328e-13 5.10702591328e-12
11.3695292251 6.50368647825e-13 6.50368647825e-12
11.3916382632 8.22675261247e-13 8.22675261247e-12
11.4137318246 1.0325074129e-12 1.0325074129e-11
11.4358070433 1.2849721287e-12 1.2849721287e-11
11.4578663156 1.58784096982e-12 1.58784096982e-11
11.4799196946 1.94688709598e-12 1.94688709598e-11
11.501918944 2.36877184534e-12 2.36877184534e-11
11.5238641636 2.85971246683e-12 2.85971246683e-11
11.545765835 3.42748052162e-12 3.42748052162e-11
11.5676354957 4.08140188313e-12 4.08140188313e-11
11.5894774295 4.83413309382e-12 4.83413309382e-11
11.6113029142 5.70010705303e-12 5.70010705303e-11
11.6331262069 6.69753141835e-12 6.69753141835e-11
11.6549643512 7.84994291791e-12 7.84994291791e-11
11.6768296091 9.19109233166e-12 9.19109233166e-11
11.6987333925 1.07704956065e-11 1.07704956065e-10
11.7206835407 1.26560983915e-11 1.26560983915e-10
11.7426934171 1.49402712424e-11 1.49402712424e-10
11.7647327022 1.77375891752e-11 1.77375891752e-10
11.7868101888 2.119704412e-11 2.119704412e-10
11.8089318604 2.55204746225e-11 2.55204746225e-10
11.8310895982 3.09676728705e-11 3.09676728705e-10
11.8532837653 3.78637121656e-11 3.78637121656e-10
11.8755224161 4.66167104918e-11 4.66167104918e-10
11.8977325986 5.76858560919e-11 5.76858560919e-10
11.9199150451 7.16562365e-11 7.16562365e-10
11.9420777282 8.92301788014e-11 8.92301788014e-10
11.9642217671 1.11235909372e-10 1.11235909372e-09
11.9863563638 1.38647537895e-10 1.38647537895e-09
12.008497629 1.72626135608e-10 1.72626135608e-09
12.0306661368 2.14380735386e-10 2.14380735386e-09
12.0528741462 2.65229838092e-10 2.65229838092e-09
12.0750270787 3.26364046899e-10 3.26364046899e-09
12.0971314098 3.9927838813e-10 3.9927838813e-09
12.1191935856 4.85510964765e-10 4.85510964765e-09
12.1412300128 5.86636073052e-10 5.86636073052e-09
12.1632486247 7.04209357494e-10 7.04209357494e-09
12.1852587963 8.399363427e-10 8.399363427e-09
12.2072691821 9.95529658709e-10 9.95529658709e-09
12.2292933798 1.17296483637e-09 1.17296483637e-08
12.2513445153 1.37455291593e-09 1.37455291593e-08
12.2734363055 1.60321667053e-09 1.60321667053e-08
12.2955768504 1.86215776132e-09 1.86215776132e-08
12.3177580194 2.15487405697e-09 2.15487405697e-08
12.3399876857 2.48553755355e-09 2.48553755355e-08
12.3622712157 2.85982992843e-09 2.85982992843e-08
12.3845753241 3.28479154987e-09 3.28479154987e-08
12.4068963141 3.76924069734e-09 3.76924069734e-08
12.42923341 4.3277066375e-09 4.3277066375e-08
12.4515769368 4.97937002741e-09 4.97937002741e-08
12.4739153527 5.74813086018e-09 5.74813086018e-08
12.4962429576 6.66516708492e-09 6.66516708492e-08
12.5185541529 7.76816833081e-09 7.76816833081e-08
12.5408567545 9.10370512308e-09 9.10370512308e-08
12.5631059985 1.07257269732e-08 1.07257269732e-07
12.5853090354 1.27029686769e-08 1.27029686769e-07
12.6 1.42433955741e-08 1.42433955741e-07
12.6221333409 1.69979845754e-08 1.69979845754e-07
12.6442494985 2.0361880626e-08 2.0361880626e-07
12.666348692 2.44265412341e-08 2.44265412341e-07
12.688444816 2.92939801305e-08 2.92939801305e-07
12.7105458474 3.53134537168e-08 3.53134537168e-07
12.7326743996 4.21997390365e-08 4.21997390365e-07
12.7548306815 5.0277534136e-08 5.0277534136e-07
12.7770291399 5.99777802979e-08 5.99777802979e-07
12.7992791592 7.14406991342e-08 7.14406991342e-07
12.8215541622 8.46566203805e-08 8.46566203805e-07
12.843862146 9.9718784119e-08 9.9718784119e-07
12.8662119104 1.16836964992e-07 1.16836964992e-06
12.8886041261 1.36242589655e-07 1.36242589655e-06
12.9110307201 1.5813960208e-07 1.5813960208e-06
12.9334420518 1.82639324331e-07 1.82639324331e-06
12.9558373988 2.09887495384e-07 2.09887495384e-06
12.978212713 2.4001022414e-07 2.4001022414e-06
13.0005757774 2.73301992593e-07 2.73301992593e-06
13.0229401458 3.10056111008e-07 3.10056111008e-06
13.0453207938 3.50675236849e-07 3.50675236849e-06
13.0677321828 3.95772868478e-07 3.95772868478e-06
13.0901814369 4.45866018328e-07 4.45866018328e-06
13.1126480791 5.01571931544e-07 5.01571931544e-06
13.1350619509 5.63651286534e-07 5.63651286534e-06
13.1574279638 6.33250960558e-07 6.33250960558e-06
13.1797544132 7.1172338223e-07 7.1172338223e-06
13.2020504306 8.0119315804e-07 8.0119315804e-06
13.2243261192 9.04252657863e-07 9.04252657863e-06
13.2465890357 1.02393311252e-06 1.02393311252e-05
13.2688503193 1.16400243866e-06 1.16400243866e-05
13.2911230674 1.32878373682e-06 1.32878373682e-05
13.3134177193 1.52327865699e-06 1.52327865699e-05
13.3357475218 1.75304466477e-06 1.75304466477e-05
13.3581182281 2.02389619708e-06 2.02389619708e-05
13.3805230396 2.34232833995e-06 2.34232833995e-05
13.4029715602 2.71647525052e-06 2.71647525052e-05
13.4254645965 3.15348433499e-06 3.15348433499e-05
13.4479698373 3.65886176845e-06 3.65886176845e-05
13.4704915656 4.23756660095e-06 4.23756660095e-05
13.493028596 4.89697206607e-06 4.89697206607e-05
13.5155786164 5.64485496057e-06 5.64485496057e-05
13.5381399054 6.48898869504e-06 6.48898869504e-05
13.5606891079 7.43351141153e-06 7.43351141153e-05
13.5832268388 8.48194424763e-06 8.48194424763e-05
13.6057597638 9.63921388242e-06 9.63921388242e-05
13.6282480676 1.0907497543e-05 0.00010907497543
13.6506923536 1.22932361042e-05 0.000122932361042
13.6731034896 1.38063789585e-05 0.000138063789585
13.6954835421 1.54579923142e-05 0.000154579923142
13.7178429201 1.72559296587e-05 0.000172559296587
13.740190778 1.92118741895e-05 0.000192118741895
13.7625402017 2.1344487479e-05 0.00021344487479
13.7848985806 2.36652821588e-05 0.000236652821588
13.8072775886 2.61856406103e-05 0.000261856406103
13.8296878866 2.89358963448e-05 0.000289358963448
13.8521399461 3.19470867838e-05 0.000319470867838
13.8746242615 3.52434547446e-05 0.000352434547446
13.8971361197 3.88759120629e-05 0.000388759120629
13.9196845386 4.29196596914e-05 0.000429196596914
13.9422776776 4.74607761463e-05 0.000474607761463
13.9648873605 5.26171207902e-05 0.000526171207902
13.9874851523 5.85243075997e-05 0.000585243075997
14.0100680899 6.53707853469e-05 0.000653707853469
14.0326452969 7.33907965254e-05 0.000733907965254
14.0552248538 8.29057473379e-05 0.000829057473379
14.0778152001 9.42093264999e-05 0.000942093264999
14.100426496 0.000107890638067 0.00107890638067
14.1230648925 0.000124630035304 0.00124630035304
14.1457417124 0.000145503092404 0.00145503092404
14.1684533049 0.000172122599724 0.00172122599724
14.1911132026 0.000207086666597 0.00207086666597
14.2137257293 0.000254947836521 0.00254947836521
14.2362962308 0.00032307143564 0.0032307143564
14.2588339809 0.000423276800511 0.00423276800511
14.2813452338 0.000572769491739 0.00572769491739
14.3038410854 0.000795681631218 0.00795681631218
14.3263293083 0.00112329786012 0.0112329786012
14.3488238576 0.00159304968658 0.0159304968658
14.371333394 0.00224192818461 0.0224192818461
14.3938702777 0.00309545701201 0.0309545701201
14.4 0.00336681550678 0.0336681550678
14.4226009002 0.00448850323245 0.0448850323245
14.4452112181 0.00579439998786 0.0579439998786
14.467862776 0.00724832679846 0.0724832679846
14.4905461945 0.00882189057876 0.0882189057876
14.5132386992 0.0105017779669 0.105017779669
14.535950861 0.0122759238814 0.122759238814
14.5586803133 0.0141502020031 0.141502020031
14.5814250759 0.0161404057102 0.161404057102
14.6041831399 0.0182662264915 0.182662264915
14.6269341738 0.020550137945 0.20550137945
14.6496773469 0.0230089562655 0.230089562655
14.672419166 0.0257010726196 0.257010726196
14.6951272941 0.0286482002392 0.286482002392
14.7177948538 0.031855667812 0.31855667812
14.7404299053 0.0353341516025 0.353341516025
14.7630381792 0.0390867230812 0.390867230812
14.7856245515 0.0431305659383 0.431305659383
14.8081991577 0.047450033762 0.47450033762
14.8307712403 0.0520488968371 0.520488968371
14.853351646 0.0569136178275 0.569136178275
14.8759488578 0.0620434237128 0.620434237128
14.8985731411 0.0674086280339 0.674086280339
14.9212358727 0.0729708430232 0.729708430232
14.9439278076 0.0786787648383 0.786787648383
14.9666454868 0.0845033367297 0.845033367297
14.9893977104 0.0904618581659 0.904618581659
15.0121909741 0.096631864915 0.96631864915
15.0349788106 0.103075113397 1.03075113397
15.05775458 0.109840734879 1.09840734879
15.0805238428 0.116964865119 1.16964865119
15.1032946058 0.124422560001 1.24422560001
15.1260769316 0.132129140621 1.32129140621
15.1488783954 0.139970268434 1.39970268434
15.1717101153 0.147842859545 1.47842859545
15.1945804971 0.155684641424 1.55684641424
15.2174714054 0.163461033754 1.63461033754
15.2403759784 0.171153613045 1.71153613045
15.2632328546 0.178741658056 1.78741658056
15.28604614 0.186250440272 1.86250440272
15.3088208102 0.193728726258 1.93728726258
15.3315650854 0.201233094396 2.01233094396
15.3542850929 0.208791591817 2.08791591817
15.3769914523 0.216390215928 2.16390215928
15.3996924446 0.223986928828 2.23986928828
15.4224008148 0.23152063439 2.3152063439
15.4451240527 0.238889316505 2.38889316505
15.4678736968 0.246045591871 2.46045591871
15.4906494803 0.252946660868 2.52946660868
15.513454525 0.259566621518 2.59566621518
15.5362964231 0.265915325859 2.65915325859
15.5591606823 0.272026372246 2.72026372246
15.5820353368 0.277932959793 2.77932959793
15.6049264193 0.283629642885 2.83629642885
15.6278382987 0.289081297606 2.89081297606
15.6507699236 0.294086309987 2.94086309987
15.6737069365 0.298560485878 2.98560485878
15.6966381832 0.302504929175 3.02504929175
15.7195638112 0.306058235624 3.06058235624
15.7424915175 0.309233199869 3.09233199869
15.7654015367 0.311937974933 3.11937974933
15.7882742127 0.314139152365 3.14139152365
15.8111134135 0.315896173543 3.15896173543
15.8339271924 0.317058911905 3.17058911905
15.8567190213 0.317601946601 3.17601946601
15.8794985216 0.317669371024 3.17669371024
15.9022745278 0.317374029088 3.17374029088
15.9250579685 0.316711355994 3.16711355994
15.9478560282 0.315676297388 3.15676297388
15.9706788308 0.314219071666 3.14219071666
15.9935376832 0.312316472596 3.12316472596
16.0164191407 0.30990341125 3.0990341125
16.0393244233 0.306845766378 3.06845766378
16.0622618532 0.303203466913 3.03203466913
16.0852220302 0.299119896473 2.99119896473
16.1081698083 0.294675938201 2.94675938201
16.1311135577 0.289998461375 2.89998461375
16.15406276 0.28504430042 2.8504430042
16.1770248793 0.279808937969 2.79808937969
16.2 0.274295217898 2.74295217898
16.2230147032 0.268473613803 2.68473613803
16.2460505458 0.262366968287 2.62366968287
16.2691018711 0.255985289574 2.55985289574
16.2921590316 0.249378713289 2.49378713289
16.3152179283 0.242642648592 2.42642648592
16.3382596325 0.235868057762 2.35868057762
16.3612611208 0.229096351416 2.29096351416
16.3842263695 0.222341565895 2.22341565895
16.4071635196 0.215576217302 2.15576217302
16.4300790798 0.208719939745 2.08719939745
16.4529827376 0.201781404696 2.01781404696
16.4758822441 0.194806858854 1.94806858854
16.4987885351 0.187865918975 1.87865918975
16.5217093416 0.180999641702 1.80999641702
16.5446529384 0.174253288635 1.74253288635
16.5676188964 0.167613912247 1.67613912247
16.5906112998 0.16100417489 1.6100417489
16.6136381971 0.154450802721 1.54450802721
16.6366751151 0.14796082258 1.4796082258
16.6597250197 0.141526629801 1.41526629801
16.6827924023 0.135110373 1.35110373
16.7058794727 0.128691322821 1.28691322821
16.7289855526 0.122355158368 1.22355158368
16.752087504 0.116198019104 1.16198019104
16.7751859354 0.110278403322 1.10278403322
16.7982846434 0.104634203502 1.04634203502
16.8213920689 0.0992815038957 0.992815038957
16.8444759237 0.0942230453328 0.942230453328
16.8675249958 0.0894221867334 0.894221867334
16.8905434124 0.084823541058 0.84823541058
16.9135395058 0.0803679617238 0.803679617238
16.9365173574 0.0760424004444 0.760424004444
16.9594856796 0.0718261105848 0.718261105848
16.9824518202 0.0677526543087 0.677526543087
17.0054264732 0.0638955892445 0.638955892445
17.0284156623 0.0603284428914 0.603284428914
17.0514297446 0.0571037364511 0.571037364511
17.0744739191 0.0541921785918 0.541921785918
17.0975357643 0.0515340453813 0.515340453813
17.1206214895 0.0490298666904 0.490298666904
17.1437397271 0.0465774015801 0.465774015801
17.1668539235 0.044064375916 0.44064375916
17.1899691006 0.0414643805148 0.414643805148
17.213091849 0.0387511310001 0.387511310001
17.2362292752 0.0359262022963 0.359262022963
17.2593903658 0.0329937837245 0.329937837245
17.282571346 0.0300701686869 0.300701686869
17.3057636769 0.0272313221642 0.272313221642
17.3289709466 0.024522287459 0.24522287459
17.3521853221 0.0219974784481 0.219974784481
17.3753913121 0.0197159218668 0.197159218668
17.3985904871 0.0176980949766 0.176980949766
17.421779397 0.0159265925912 0.159265925912
17.4449488004 0.014434030091 0.14434030091
17.468085405 0.0132304485358 0.132304485358
17.4911973295 0.0123270537935 0.123270537935
17.5142909684 0.0116511589385 0.116511589385
17.5373756891 0.0111250538484 0.111250538484
17.5604578123 0.0106692592412 0.106692592412
17.5835466362 0.0102488578838 0.102488578838
17.6066497996 0.00987020465278 0.0987020465278
17.629774603 0.00945218385614 0.0945218385614
17.6529192298 0.00897642233097 0.0897642233097
17.6760897403 0.00856109101482 0.0856109101482
17.6992826126 0.00819220668096 0.0819220668096
17.7224839144 0.0078647931465 0.078647931465
17.7456990011 0.00770475158286 0.0770475158286
17.7689325918 0.00775071944981 0.0775071944981
17.79218571 0.00797582748399 0.0797582748399
17.8154445962 0.00837586842766 0.0837586842766
17.8387031119 0.0088919718982 0.088919718982
17.861961018 0.00943129394064 0.0943129394064
17.8852257662 0.00990213534189 0.0990213534189
17.9084910539 0.0102424352724 0.102424352724
17.9317282561 0.0104179661694 0.104179661694
17.9549344994 0.0103936322848 0.103936322848
17.9781155999 0.0102382591209 0.102382591209
18.0 0.00997103801677 0.0997103801677
