0.0 0.0 0.0
0.00804233310659 0.0 0.0
0.0160846662132 0.0 0.0
0.0241321973471 0.0 0.0
0.0321942562054 0.0 0.0
0.0402821667432 0.0 0.0
0.0484071692075 0.0 0.0
0.0565788433321 0.0 0.0
0.0648065293555 0.0 0.0
0.0731004896987 0.0 0.0
0.0814240636665 0.0 0.0
0.0897807181375 0.0 0.0
0.0981802834799 0.0 0.0
0.106640307074 0.0 0.0
0.11516533718 0.0 0.0
0.123729737637 0.0 0.0
0.132304843586 0.0 0.0
0.140908948184 0.0 0.0
0.149570383491 0.0 0.0
0.158320951727 0.0 0.0
0.16718847586 0.0 0.0
0.176192531827 0.0 0.0
0.185347087128 0.0 0.0
0.194664824715 0.0 0.0
0.204159385835 0.0 0.0
0.213846076519 0.0 0.0
0.223740150834 0.0 0.0
0.233855712357 0.0 0.0
0.24420641681 0.0 0.0
0.254813207868 0.0 0.0
0.265624092294 0.0 0.0
0.276620164824 0.0 0.0
0.287818906299 0.0 0.0
0.299212064604 0.0 0.0
0.310806584282 0.0 0.0
0.32263082747 0.0 0.0
0.33466980216 0.0 0.0
0.346939294041 0.0 0.0
0.359342021424 0.0 0.0
0.371709278871 0.0 0.0
0.384014312788 0.0 0.0
0.396339909832 0.0 0.0
0.408769707174 0.0 0.0
0.421412346669 0.0 0.0
0.434304393577 0.0 0.0
0.44736604916 0.0 0.0
0.460514204057 0.0 0.0
0.473797279324 0.0 0.0
0.487282982475 0.0 0.0
0.500993276996 0.0 0.0
0.51497405738 0.0 0.0
0.529286715442 0.0 0.0
0.543981516613 0.0 0.0
0.558972828148 0.0 0.0
0.573917084213 0.0 0.0
0.58886195905 0.0 0.0
0.603851574528 0.0 0.0
0.618906211788 0.0 0.0
0.634028778924 0.0 0.0
0.64924617789 0.0 0.0
0.664599069244 0.0 0.0
0.680103752719 0.0 0.0
0.695513929078 0.0 0.0
0.710880277475 0.0 0.0
0.726260099199 0.0 0.0
0.741696035435 0.0 0.0
0.757219876497 0.0 0.0
0.77289092122 0.0 0.0
0.788741000605 0.0 0.0
0.80475107738 0.0 0.0
0.82078640244 0.0 0.0
0.836845641935 0.0 0.0
0.85290665433 0.0 0.0
0.868918515417 0.0 0.0
0.884883545427 0.0 0.0
0.900781775692 0.0 0.0
0.916655404353 0.0 0.0
0.932594720915 0.0 0.0
0.948689326025 0.0 0.0
0.964970444704 0.0 0.0
0.981358680717 0.0 0.0
0.997847979967 0.0 0.0
1.01430293717 0.0 0.0
1.0306534086 0.0 0.0
1.04691186593 0.0 0.0
1.06310426136 0.0 0.0
1.07914197556 0.0 0.0
1.09507059065 0.0 0.0
1.11093748667 0.0 0.0
1.12682708933 0.0 0.0
1.14283586364 0.0 0.0
1.15899409115 0.0 0.0
1.17530393263 0.0 0.0
1.1916667096 0.0 0.0
1.20780171462 0.0 0.0
1.22410951738 0.0 0.0
1.24062738909 0.0 0.0
1.25720262606 0.0 0.0
1.27390588599 0.0 0.0
1.29062768237 0.0 0.0
1.30741333623 0.0 0.0
1.32431070142 0.0 0.0
1.34129020927 0.0 0.0
1.35823992524 0.0 0.0
1.37527578639 0.0 0.0
1.39228652028 0.0 0.0
1.40930420483 0.0 0.0
1.42622548729 0.0 0.0
1.44292607787 0.0 0.0
1.45945233843 0.0 0.0
1.47597448002 0.0 0.0
1.49249661596 0.0 0.0
1.50905758655 0.0 0.0
1.52572146339 0.0 0.0
1.54244281699 0.0 0.0
1.55919360809 0.0 0.0
1.57593132811 0.0 0.0
1.59271150836 0.0 0.0
1.60953692447 0.0 0.0
1.62630842511 0.0 0.0
1.64308465485 0.0 0.0
1.66011167446 0.0 0.0
1.6775166309 0.0 0.0
1.69500923139 0.0 0.0
1.71235150689 0.0 0.0
1.72960771125 0.0 0.0
1.74715189599 0.0 0.0
1.76435021785 0.0 0.0
1.78135206749 0.0 0.0
1.79839022457 0.0 0.0
1.8 0.0 0.0
1.81745427962 0.0 0.0
1.83493664794 0.0 0.0
1.85234354141 0.0 0.0
1.86979426377 0.0 0.0
1.88711004545 0.0 0.0
1.90427824428 0.0 0.0
1.9213571706 0.0 0.0
1.93843450657 0.0 0.0
1.95549146744 0.0 0.0
1.97256194707 0.0 0.0
1.98958199368 0.0 0.0
2.00657931948 0.0 0.0
2.02367139264 0.0 0.0
2.04076375347 0.0 0.0
2.05788441812 0.0 0.0
2.07514762118 0.0 0.0
2.09253191933 0.0 0.0
2.10996751923 0.0 0.0
2.1273961256 0.0 0.0
2.14494937812 0.0 0.0
2.16261743094 0.0 0.0
2.18024890126 0.0 0.0
2.19785017512 0.0 0.0
2.21542951212 0.0 0.0
2.23303374862 0.0 0.0
2.25072807854 0.0 0.0
2.26859269776 0.0 0.0
2.28635208088 0.0 0.0
2.30413930167 0.0 0.0
2.32187374672 0.0 0.0
2.33959658737 0.0 0.0
2.3572343326 0.0 0.0
2.37476356876 0.0 0.0
2.39228131477 0.0 0.0
2.40975358862 0.0 0.0
2.42721271723 0.0 0.0
2.44464565406 0.0 0.0
2.46212636273 0.0 0.0
2.47965568814 0.0 0.0
2.49722914345 0.0 0.0
2.51489565199 0.0 0.0
2.53264343441 0.0 0.0
2.55054581073 0.0 0.0
2.56843936442 0.0 0.0
2.58615779362 0.0 0.0
2.6037646971 0.0 0.0
2.6213566604 0.0 0.0
2.63910527416 0.0 0.0
2.65701786131 0.0 0.0
2.67502720591 0.0 0.0
2.69311362628 0.0 0.0
2.71117419253 0.0 0.0
2.7290601281 0.0 0.0
2.74692752642 0.0 0.0
2.76489211024 0.0 0.0
2.78315676673 0.0 0.0
2.80134883224 0.0 0.0
2.81954484592 0.0 0.0
2.83773051188 0.0 0.0
2.8558111599 0.0 0.0
2.87374159016 0.0 0.0
2.89161238913 0.0 0.0
2.90951618413 0.0 0.0
2.92744330358 0.0 0.0
2.94528704925 0.0 0.0
2.96314766437 0.0 0.0
2.98111510161 0.0 0.0
2.99919200417 0.0 0.0
3.0173236056 0.0 0.0
3.03552260689 0.0 0.0
3.05381896149 0.0 0.0
3.0721545659 0.0 0.0
3.09062593101 0.0 0.0
3.10914915964 0.0 0.0
3.12775500978 0.0 0.0
3.14628328381 0.0 0.0
3.16471827512 0.0 0.0
3.18301210539 0.0 0.0
3.2012127384 0.0 0.0
3.21934824641 0.0 0.0
3.23755778703 0.0 0.0
3.25589348413 0.0 0.0
3.27431179187 0.0 0.0
3.29279013668 0.0 0.0
3.31119504621 0.0 0.0
3.32947882402 0.0 0.0
3.34765903074 0.0 0.0
3.36580238614 0.0 0.0
3.38398726426 0.0 0.0
3.40222508038 0.0 0.0
3.42044136937 0.0 0.0
3.43869993063 0.0 0.0
3.45700351118 0.0 0.0
3.47535816929 0.0 0.0
3.49381626628 0.0 0.0
3.51243032509 0.0 0.0
3.53114520706 0.0 0.0
3.54985889139 0.0 0.0
3.56870583306 0.0 0.0
3.5875362132 0.0 0.0
3.6 0.0 0.0
3.61880638201 0.0 0.0
3.6376603414 0.0 0.0
3.65669000832 0.0 0.0
3.67574300444 0.0 0.0
3.6946722782 0.0 0.0
3.71352141931 0.0 0.0
3.73238632696 0.0 0.0
3.75127590109 0.0 0.0
3.77018936681 0.0 0.0
3.78896337406 0.0 0.0
3.80759033885 0.0 0.0
3.82620900956 0.0 0.0
3.84489058269 0.0 0.0
3.86352158985 0.0 0.0
3.882116497 0.0 0.0
3.9007205762 0.0 0.0
3.91936003279 0.0 0.0
3.93794988654 0.0 0.0
3.95651988329 0.0 0.0
3.97518594371 0.0 0.0
3.99392870175 0.0 0.0
4.01257300155 0.0 0.0
4.03129652475 0.0 0.0
4.050114369 0.0 0.0
4.06901824439 0.0 0.0
4.088035472 0.0 0.0
4.10707090822 0.0 0.0
4.12630765849 0.0 0.0
4.14563479332 0.0 0.0
4.16492099461 0.0 0.0
4.18411974789 0.0 0.0
4.20330985779 0.0 0.0
4.2225435125 0.0 0.0
4.2417987399 0.0 0.0
4.26093714468 0.0 0.0
4.2799394003 0.0 0.0
4.29884158732 0.0 0.0
4.31770468952 0.0 0.0
4.33656989279 0.0 0.0
4.35544064836 0.0 0.0
4.37429884266 0.0 0.0
4.39308323377 0.0 0.0
4.41184285962 0.0 0.0
4.43063470331 0.0 0.0
4.44953266194 0.0 0.0
4.46856585586 0.0 0.0
4.48761822315 0.0 0.0
4.50673781473 0.0 0.0
4.5260308084 0.0 0.0
4.54534658367 0.0 0.0
4.56459688701 0.0 0.0
4.58394255194 0.0 0.0
4.60348846508 0.0 0.0
4.62311442411 0.0 0.0
4.64268800398 0.0 0.0
4.66209385402 0.0 0.0
4.68144323134 0.0 0.0
4.70059047653 0.0 0.0
4.71968573651 0.0 0.0
4.73895890441 0.0 0.0
4.75836342693 0.0 0.0
4.77775534943 0.0 0.0
4.79715328359 0.0 0.0
4.81653318166 0.0 0.0
4.83583366684 0.0 0.0
4.85508279341 0.0 0.0
4.87435322857 0.0 0.0
4.89360322617 0.0 0.0
4.91277383162 0.0 0.0
4.931963411 0.0 0.0
4.95124452373 0.0 0.0
4.97053263036 0.0 0.0
4.98983819026 0.0 0.0
5.0092026151 0.0 0.0
5.02870207441 0.0 0.0
5.04833629807 0.0 0.0
5.0680470575 0.0 0.0
5.08779545262 0.0 0.0
5.10751998285 0.0 0.0
5.12713323259 0.0 0.0
5.146776913 0.0 0.0
5.16655824163 0.0 0.0
5.1864347181 0.0 0.0
5.20625884833 0.0 0.0
5.22608103039 0.0 0.0
5.24587629822 0.0 0.0
5.26549480878 0.0 0.0
5.28500305221 0.0 0.0
5.30449378545 0.0 0.0
5.32398661652 0.0 0.0
5.34345950342 0.0 0.0
5.36288042545 0.0 0.0
5.38226515909 0.0 0.0
5.4 0.0 0.0
5.41939053573 0.0 0.0
5.43884306596 0.0 0.0
5.45839403922 0.0 0.0
5.4779793447 0.0 0.0
5.49763197659 0.0 0.0
5.51742072084 0.0 0.0
5.53724355255 0.0 0.0
5.55715656547 0.0 0.0
5.57712808153 0.0 0.0
5.59709619283 0.0 0.0
5.61705847918 0.0 0.0
5.63702464922 0.0 0.0
5.65697597234 0.0 0.0
5.67698539736 0.0 0.0
5.69706858862 0.0 0.0
5.7172115135 0.0 0.0
5.73738062889 0.0 0.0
5.757538186 0.0 0.0
5.77759814789 0.0 0.0
5.79754299651 0.0 0.0
5.81744481196 0.0 0.0
5.83732081239 0.0 0.0
5.8571899276 0.0 0.0
5.8770381676 0.0 0.0
5.89687412644 0.0 0.0
5.91666653629 0.0 0.0
5.93644313358 0.0 0.0
5.95624968804 0.0 0.0
5.9760634944 0.0 0.0
5.99590650051 0.0 0.0
6.0158234699 0.0 0.0
6.03582795136 0.0 0.0
6.05589149535 0.0 0.0
6.07600920837 0.0 0.0
6.09618124872 0.0 0.0
6.11642591965 0.0 0.0
6.13677939125 0.0 0.0
6.15711779419 0.0 0.0
6.17745411486 0.0 0.0
6.19779297514 0.0 0.0
6.21810855149 0.0 0.0
6.23845908944 0.0 0.0
6.25870043918 0.0 0.0
6.27883799213 0.0 0.0
6.29895444661 0.0 0.0
6.31907554412 0.0 0.0
6.33916042055 0.0 0.0
6.35919049083 0.0 0.0
6.3791653364 0.0 0.0
6.39910777006 0.0 0.0
6.41905797306 0.0 0.0
6.43904145024 0.0 0.0
6.45907984132 0.0 0.0
6.47914546952 0.0 0.0
6.49927440527 0.0 0.0
6.51951274645 0.0 0.0
6.53985002212 0.0 0.0
6.56029949524 0.0 0.0
6.58078309521 0.0 0.0
6.60128913286 0.0 0.0
6.62167378009 0.0 0.0
6.64204644738 0.0 0.0
6.66243685315 0.0 0.0
6.68289288416 0.0 0.0
6.70345339724 0.0 0.0
6.72409184882 0.0 0.0
6.74466600716 0.0 0.0
6.76516677767 0.0 0.0
6.78573671947 0.0 0.0
6.80625339865 0.0 0.0
6.82670204854 0.0 0.0
6.84710876466 0.0 0.0
6.867485762 0.0 0.0
6.88781830582 0.0 0.0
6.90811626184 0.0 0.0
6.92839126905 0.0 0.0
6.94863568703 0.0 0.0
6.96887488087 0.0 0.0
6.98914072317 0.0 0.0
7.0094490309 0.0 0.0
7.02981457613 0.0 0.0
7.05026675756 0.0 0.0
7.07078211753 0.0 0.0
7.09135528589 0.0 0.0
7.11197384664 0.0 0.0
7.13264238061 0.0 0.0
7.15336467595 0.0 0.0
7.17404069065 0.0 0.0
7.19470026954 0.0 0.0
7.2 0.0 0.0
7.22074124172 0.0 0.0
7.24146241842 0.0 0.0
7.26223734868 0.0 0.0
7.28293267769 0.0 0.0
7.30358632282 0.0 0.0
7.32420255644 0.0 0.0
7.34478559565 0.0 0.0
7.36531570456 0.0 0.0
7.38580081639 0.0 0.0
7.40625603915 0.0 0.0
7.42669178608 0.0 0.0
7.44711846547 0.0 0.0
7.46754609247 0.0 0.0
7.48801027595 0.0 0.0
7.50853308906 0.0 0.0
7.52912709548 0.0 0.0
7.54980751381 0.0 0.0
7.57059032625 0.0 0.0
7.59140242635 0.0 0.0
7.61218120591 0.0 0.0
7.63296327216 0.0 0.0
7.65373510842 0.0 0.0
7.67451372409 0.0 0.0
7.69531247031 0.0 0.0
7.71616278718 0.0 0.0
7.73707193972 0.0 0.0
7.75805547088 0.0 0.0
7.77908133789 0.0 0.0
7.8001184002 0.0 0.0
7.82112769281 0.0 0.0
7.84206360254 0.0 0.0
7.86296243186 0.0 0.0
7.88380307611 0.0 0.0
7.90458416578 0.0 0.0
7.92531797448 0.0 0.0
7.94602238633 0.0 0.0
7.9667072874 0.0 0.0
7.98737463356 0.0 0.0
8.00804690398 0.0 0.0
8.02875146366 0.0 0.0
8.04950466357 0.0 0.0
8.07032440818 0.0 0.0
8.0912225373 0.0 0.0
8.11217027831 0.0 0.0
8.1331763531 0.0 0.0
8.15424671587 0.0 0.0
8.17537155235 0.0 0.0
8.19649135194 0.0 0.0
8.21762177465 0.0 0.0
8.2387462436 0.0 0.0
8.25990199373 0.0 0.0
8.28109482289 0.0 0.0
8.30224762223 0.0 0.0
8.32336743577 0.0 0.0
8.3444449826 0.0 0.0
8.36546841811 0.0 0.0
8.38643964475 0.0 0.0
8.40736211476 0.0 0.0
8.42824119303 0.0 0.0
8.44909468459 0.0 0.0
8.46992296842 0.0 0.0
8.49074428254 0.0 0.0
8.51158656239 0.0 0.0
8.5324694814 0.0 0.0
8.55341731162 0.0 0.0
8.57444214565 0.0 0.0
8.59555085599 0.0 0.0
8.61668998683 0.0 0.0
8.6377852323 0.0 0.0
8.65885924673 0.0 0.0
8.6799375531 0.0 0.0
8.70102978479 0.0 0.0
8.7221679811 0.0 0.0
8.74339646492 0.0 0.0
8.76473132286 0.0 0.0
8.78615757572 0.0 0.0
8.80762659799 0.0 0.0
8.82907774332 0.0 0.0
8.85047431807 0.0 0.0
8.87182323045 0.0 0.0
8.89314851027 0.0 0.0
8.91441046074 0.0 0.0
8.93560555189 0.0 0.0
8.956746812 0.0 0.0
8.97784866749 0.0 0.0
8.998918672 0.0 0.0
9.0 0.0 0.0
9.02107225064 0.0 0.0
9.04214606447 0.0 0.0
9.06323646911 0.0 0.0
9.08435678035 0.0 0.0
9.10553237746 0.0 0.0
9.12678011687 0.0 0.0
9.14807283085 0.0 0.0
9.16942087732 0.0 0.0
9.1908385788 0.0 0.0
9.21228303849 0.0 0.0
9.23375633183 0.0 0.0
9.25524306589 0.0 0.0
9.27675716133 0.0 0.0
9.29831472795 0.0 0.0
9.31986233602 0.0 0.0
9.34139832784 0.0 0.0
9.36288298557 0.0 0.0
9.38433213088 0.0 0.0
9.40573120778 0.0 0.0
9.42706648864 0.0 0.0
9.44834814523 0.0 0.0
9.46959380556 0.0 0.0
9.49080726863 0.0 0.0
9.51199917992 0.0 0.0
9.53318973886 0.0 0.0
9.55440037389 0.0 0.0
9.57565269892 0.0 0.0
9.5969578644 0.0 0.0
9.61832846467 0.0 0.0
9.63976623363 0.0 0.0
9.66117551611 0.0 0.0
9.68257762268 0.0 0.0
9.70398557517 0.0 0.0
9.72544531654 0.0 0.0
9.74699604956 0.0 0.0
9.76862675766 0.0 0.0
9.79033170447 0.0 0.0
9.81210383534 0.0 0.0
9.83385888024 0.0 0.0
9.8556191101 0.0 0.0
9.87735605106 0.0 0.0
9.89906730177 0.0 0.0
9.92075846215 0.0 0.0
9.94240073487 0.0 0.0
9.96397826937 0.0 0.0
9.98550267739 0.0 0.0
10.0069752891 0.0 0.0
10.0284059768 0.0 0.0
10.0498195415 0.0 0.0
10.0712309896 0.0 0.0
10.0926465845 0.0 0.0
10.1140783863 0.0 0.0
10.1355433379 0.0 0.0
10.1570640508 0.0 0.0
10.1786392479 0.0 0.0
10.2002629104 0.0 0.0
10.2219481954 0.0 0.0
10.2437079456 0.0 0.0
10.265482551 0.0 0.0
10.2872835577 0.0 0.0
10.3091134256 0.0 0.0
10.3309776718 0.0 0.0
10.3528153978 0.0 0.0
10.3746336648 0.0 0.0
10.3964171526 0.0 0.0
10.4181830408 0.0 0.0
10.4399341578 0.0 0.0
10.4616229837 0.0 0.0
10.4832555157 0.0 0.0
10.5048449608 0.0 0.0
10.5264003744 0.0 0.0
10.5479304733 0.0 0.0
10.569449039 0.0 0.0
10.5909758102 0.0 0.0
10.6125291792 0.0 0.0
10.6341226786 0.0 0.0
10.6557688876 0.0 0.0
10.677472016 0.0 0.0
10.6992064457 0.0 0.0
10.7209618526 0.0 0.0
10.7427613576 0.0 0.0
10.7646207121 0.0 0.0
10.7865285336 0.0 0.0
10.8 0.0 0.0
10.822010923 0.0 0.0
10.8440170717 0.0 0.0
10.8660388485 0.0 0.0
10.8880291089 0.0 0.0
10.9099782081 0.0 0.0
10.9319070984 0.0 0.0
10.9538334344 0.0 0.0
10.9757466691 0.0 0.0
10.9976544936 0.0 0.0
11.0195305862 0.0 0.0
11.0413498798 0.0 0.0
11.0631200195 0.0 0.0
11.08486283 0.0 0.0
11.1065927407 0.0 0.0
11.1283219403 0.0 0.0
11.1500531193 0.0 0.0
11.1718012664 0.0 0.0
11.1935827656 0.0 0.0
11.2154127162 0.0 0.0
11.2372902921 0.0 0.0
11.2592177573 0.0 0.0
11.2811949756 0.0 0.0
11.3032338267 0.0 0.0
11.3253127534 0.0 0.0
11.347411869 0.0 0.0
11.3695292251 0.0 0.0
11.3916382632 0.0 0.0
11.4137318246 0.0 0.0
11.4358070433 0.0 0.0
11.4578663156 0.0 0.0
11.4799196946 0.0 0.0
11.501918944 0.0 0.0
11.5238641636 0.0 0.0
11.545765835 0.0 0.0
11.5676354957 0.0 0.0
11.5894774295 0.0 0.0
11.6113029142 0.0 0.0
11.6331262069 0.0 0.0
11.6549643512 0.0 0.0
11.6768296091 0.0 0.0
11.6987333925 0.0 0.0
11.7206835407 0.0 0.0
11.7426934171 0.0 0.0
11.7647327022 0.0 0.0
11.7868101888 0.0 0.0
11.8089318604 0.0 0.0
11.8310895982 2.22044604925e-16 2.22044604925e-15
11.8532837653 0.0 0.0
11.8755224161 -1.11022302463e-16 -1.11022302463e-15
11.8977325986 0.0 0.0
11.9199150451 -1.11022302463e-16 -1.11022302463e-15
11.9420777282 0.0 0.0
11.9642217671 2.22044604925e-16 2.22044604925e-15
11.9863563638 2.22044604925e-16 2.22044604925e-15
12.008497629 2.22044604925e-16 2.22044604925e-15
12.0306661368 0.0 0.0
12.0528741462 0.0 0.0
12.0750270787 2.22044604925e-16 2.22044604925e-15
12.0971314098 0.0 0.0
12.1191935856 2.22044604925e-16 2.22044604925e-15
12.1412300128 2.22044604925e-16 2.22044604925e-15
12.1632486247 2.22044604925e-16 2.22044604925e-15
12.1852587963 4.4408920985e-16 4.4408920985e-15
12.2072691821 2.22044604925e-16 2.22044604925e-15
12.2292933798 4.4408920985e-16 4.4408920985e-15
12.2513445153 8.881784197e-16 8.881784197e-15
12.2734363055 6.66133814775e-16 6.66133814775e-15
12.2955768504 4.4408920985e-16 4.4408920985e-15
12.3177580194 6.66133814775e-16 6.66133814775e-15
12.3399876857 8.881784197e-16 8.881784197e-15
12.3622712157 1.55431223448e-15 1.55431223448e-14
12.3845753241 3.10862446895e-15 3.10862446895e-14
12.4068963141 5.3290705182e-15 5.3290705182e-14
12.42923341 7.32747196253e-15 7.32747196253e-14
12.4515769368 9.32587340685e-15 9.32587340685e-14
12.4739153527 1.15463194561e-14 1.15463194561e-13
12.4962429576 1.35447209004e-14 1.35447209004e-13
12.5185541529 1.487698853e-14 1.487698853e-13
12.5408567545 1.62092561595e-14 1.62092561595e-13
12.5631059985 1.66533453694e-14 1.66533453694e-13
12.5853090354 1.64313007645e-14 1.64313007645e-13
12.6 1.62092561595e-14 1.62092561595e-13
12.6221333409 1.53210777398e-14 1.53210777398e-13
12.6442494985 1.44328993201e-14 1.44328993201e-13
12.666348692 1.44328993201e-14 1.44328993201e-13
12.688444816 1.7763568394e-14 1.7763568394e-13
12.7105458474 2.88657986403e-14 2.88657986403e-13
12.7326743996 5.81756864904e-14 5.81756864904e-13
12.7548306815 1.10134124043e-13 1.10134124043e-12
12.7770291399 1.73860925656e-13 1.73860925656e-12
12.7992791592 2.48467912911e-13 2.48467912911e-12
12.8215541622 3.35287353437e-13 3.35287353437e-12
12.843862146 4.32320845789e-13 4.32320845789e-12
12.8662119104 5.36237720894e-13 5.36237720894e-12
12.8886041261 6.45927755727e-13 6.45927755727e-12
12.9110307201 7.58726415029e-13 7.58726415029e-12
12.9334420518 8.71080985121e-13 8.71080985121e-12
12.9558373988 9.82547376793e-13 9.82547376793e-12
12.978212713 1.0864642519e-12 1.0864642519e-11
13.0005757774 1.17039711256e-12 1.17039711256e-11
13.0229401458 1.23145937891e-12 1.23145937891e-11
13.0453207938 1.27498012148e-12 1.27498012148e-11
13.0677321828 1.29607435895e-12 1.29607435895e-11
13.0901814369 1.28186350423e-12 1.28186350423e-11
13.1126480791 1.22524212998e-12 1.22524212998e-11
13.1350619509 1.17039711256e-12 1.17039711256e-11
13.1574279638 1.16018306073e-12 1.16018306073e-11
13.1797544132 1.26920696175e-12 1.26920696175e-11
13.2020504306 1.6817658377e-12 1.6817658377e-11
13.2243261192 2.86082268985e-12 2.86082268985e-11
13.2465890357 6.0280669345e-12 6.0280669345e-11
13.2688503193 1.24205090657e-11 1.24205090657e-10
13.2911230674 1.99864569339e-11 1.99864569339e-10
13.3134177193 2.77433631624e-11 2.77433631624e-10
13.3357475218 3.54904994282e-11 3.54904994282e-10
13.3581182281 4.31397140233e-11 4.31397140233e-10
13.3805230396 5.03044272904e-11 5.03044272904e-10
13.4029715602 5.67246249972e-11 5.67246249972e-10
13.4254645965 6.2198912687e-11 6.2198912687e-10
13.4479698373 6.65918431508e-11 6.65918431508e-10
13.4704915656 6.96296353908e-11 6.96296353908e-10
13.493028596 7.03546110259e-11 7.03546110259e-10
13.5155786164 6.76172451364e-11 6.76172451364e-10
13.5381399054 6.25526297426e-11 6.25526297426e-10
13.5606891079 5.70763436514e-11 5.70763436514e-10
13.5832268388 5.3200777117e-11 5.3200777117e-10
13.6057597638 5.35722577411e-11 5.35722577411e-10
13.6282480676 6.49178488743e-11 6.49178488743e-10
13.6506923536 1.04375841303e-10 1.04375841303e-09
13.6731034896 2.16139328657e-10 2.16139328657e-09
13.6954835421 4.16250367508e-10 4.16250367508e-09
13.7178429201 6.36602548454e-10 6.36602548454e-09
13.740190778 8.63075388935e-10 8.63075388935e-09
13.7625402017 1.09023323702e-09 1.09023323702e-08
13.7848985806 1.31448207874e-09 1.31448207874e-08
13.8072775886 1.52829060518e-09 1.52829060518e-08
13.8296878866 1.72184999592e-09 1.72184999592e-08
13.8521399461 1.89228543945e-09 1.89228543945e-08
13.8746242615 2.03634886731e-09 2.03634886731e-08
13.8971361197 2.14554596312e-09 2.14554596312e-08
13.9196845386 2.18960782838e-09 2.18960782838e-08
13.9422776776 2.15332018882e-09 2.15332018882e-08
13.9648873605 2.07135286701e-09 2.07135286701e-08
13.9874851523 1.94614679927e-09 1.94614679927e-08
14.0100680899 1.78948544871e-09 1.78948544871e-08
14.0326452969 1.66677205371e-09 1.66677205371e-08
14.0552248538 1.63731206371e-09 1.63731206371e-08
14.0778152001 1.86430004767e-09 1.86430004767e-08
14.100426496 2.75448597264e-09 2.75448597264e-08
14.1230648925 5.33447330753e-09 5.33447330753e-08
14.1457417124 9.75777747492e-09 9.75777747492e-08
14.1684533049 1.45310243838e-08 1.45310243838e-07
14.1911132026 1.95078788678e-08 1.95078788678e-07
14.2137257293 2.45590101589e-08 2.45590101589e-07
14.2362962308 2.95737900835e-08 2.95737900835e-07
14.2588339809 3.43679786852e-08 3.43679786852e-07
14.2813452338 3.8721293949e-08 3.8721293949e-07
14.3038410854 4.25564299356e-08 4.25564299356e-07
14.3263293083 4.58080999799e-08 4.58080999799e-07
14.3488238576 4.82182787032e-08 4.82182787032e-07
14.371333394 4.91102725153e-08 4.91102725153e-07
14.3938702777 4.8336491032e-08 4.8336491032e-07
14.4 4.79324391289e-08 4.79324391289e-07
14.4226009002 4.58484752386e-08 4.58484752386e-07
14.4452112181 4.26973927325e-08 4.26973927325e-07
14.467862776 3.96144559378e-08 3.96144559378e-07
14.4905461945 3.7728998592e-08 3.7728998592e-07
14.5132386992 3.95832173705e-08 3.95832173705e-07
14.535950861 5.14494702397e-08 5.14494702397e-07
14.5586803133 8.86750792795e-08 8.86750792795e-07
14.5814250759 1.54220257231e-07 1.54220257231e-06
14.6041831399 2.26201927633e-07 2.26201927633e-06
14.6269341738 3.01921848411e-07 3.01921848411e-06
14.6496773469 3.79660757721e-07 3.79660757721e-06
14.672419166 4.57750459759e-07 4.57750459759e-06
14.6951272941 5.33324948648e-07 5.33324948648e-06
14.7177948538 6.02481946776e-07 6.02481946776e-06
14.7404299053 6.63646642085e-07 6.63646642085e-06
14.7630381792 7.15203043677e-07 7.15203043677e-06
14.7856245515 7.52714473418e-07 7.52714473418e-06
14.8081991577 7.64885391913e-07 7.64885391913e-06
14.8307712403 7.47399756973e-07 7.47399756973e-06
14.853351646 7.09076554362e-07 7.09076554362e-06
14.8759488578 6.61095123533e-07 6.61095123533e-06
14.8985731411 6.2797806244e-07 6.2797806244e-06
14.9212358727 6.37902096923e-07 6.37902096923e-06
14.9439278076 7.66943996089e-07 7.66943996089e-06
14.9666454868 1.15262538691e-06 1.15262538691e-05
14.9893977104 1.71578327857e-06 1.71578327857e-05
15.0121909741 2.31922204663e-06 2.31922204663e-05
15.0349788106 2.94456408212e-06 2.94456408212e-05
15.05775458 3.56953369529e-06 3.56953369529e-05
15.0805238428 4.16817554583e-06 4.16817554583e-05
15.1032946058 4.72464583856e-06 4.72464583856e-05
15.1260769316 5.21057030789e-06 5.21057030789e-05
15.1488783954 5.58698458275e-06 5.58698458275e-05
15.1717101153 5.79468738926e-06 5.79468738926e-05
15.1945804971 5.74445731161e-06 5.74445731161e-05
15.2174714054 5.52029914491e-06 5.52029914491e-05
15.2403759784 5.40720769138e-06 5.40720769138e-05
15.2632328546 5.84935737225e-06 5.84935737225e-05
15.28604614 7.2452817792e-06 7.2452817792e-05
15.3088208102 9.20190741671e-06 9.20190741671e-05
15.3315650854 1.14498194708e-05 0.000114498194708
15.3542850929 1.39605927805e-05 0.000139605927805
15.3769914523 1.66908927035e-05 0.000166908927035
15.3996924446 1.95950734458e-05 0.000195950734458
15.4224008148 2.25997367858e-05 0.000225997367858
15.4451240527 2.5583577699e-05 0.00025583577699
15.4678736968 2.83802731198e-05 0.000283802731198
15.4906494803 3.08426834261e-05 0.000308426834261
15.513454525 3.27763375523e-05 0.000327763375523
15.5362964231 3.38730517708e-05 0.000338730517708
15.5591606823 3.41476376324e-05 0.000341476376324
15.5820353368 3.37858059414e-05 0.000337858059414
15.6049264193 3.2617257772e-05 0.00032617257772
15.6278382987 3.08120929668e-05 0.000308120929668
15.6507699236 2.93832522336e-05 0.000293832522336
15.6737069365 2.9205917438e-05 0.00029205917438
15.6966381832 3.22259630878e-05 0.000322259630878
15.7195638112 4.28319958972e-05 0.000428319958972
15.7424915175 7.18153566766e-05 0.000718153566766
15.7654015367 0.000144585488194 0.00144585488194
15.7882742127 0.00032351712532 0.0032351712532
15.8111134135 0.000759378689162 0.00759378689162
15.8339271924 0.00150993697681 0.0150993697681
15.8567190213 0.00238477924225 0.0238477924225
15.8794985216 0.00338545024711 0.0338545024711
15.9022745278 0.00454529121278 0.0454529121278
15.9250579685 0.0058967431913 0.058967431913
15.9478560282 0.00745157533007 0.0745157533007
15.9706788308 0.00922081794988 0.0922081794988
15.9935376832 0.0112318464496 0.112318464496
16.0164191407 0.0135280171293 0.135280171293
16.0393244233 0.0161546065782 0.161546065782
16.0622618532 0.0190837721361 0.190837721361
16.0852220302 0.0222882690034 0.222882690034
16.1081698083 0.0258700085794 0.258700085794
16.1311135577 0.0298884238678 0.298884238678
16.15406276 0.0343292893095 0.343292893095
16.1770248793 0.0391656250487 0.391656250487
16.2 0.0443672768266 0.443672768266
16.2230147032 0.0499066097594 0.499066097594
16.2460505458 0.0557473960473 0.557473960473
16.2691018711 0.061856881016 0.61856881016
16.2921590316 0.0681984311024 0.681984311024
16.3152179283 0.0747268580878 0.747268580878
16.3382596325 0.0813821002634 0.813821002634
16.3612611208 0.0881150631741 0.881150631741
16.3842263695 0.09486904831 0.9486904831
16.4071635196 0.101588001675 1.01588001675
16.4300790798 0.10821264142 1.0821264142
16.4529827376 0.114709751016 1.14709751016
16.4758822441 0.121059178178 1.21059178178
16.4987885351 0.127248224539 1.27248224539
16.5217093416 0.133237361805 1.33237361805
16.5446529384 0.139000525785 1.39000525785
16.5676188964 0.144505181276 1.44505181276
16.5906112998 0.149812734167 1.49812734167
16.6136381971 0.155013817033 1.55013817033
16.6366751151 0.160236233154 1.60236233154
16.6597250197 0.165523203132 1.65523203132
16.6827924023 0.170916263562 1.70916263562
16.7058794727 0.176469240827 1.76469240827
16.7289855526 0.182071178619 1.82071178619
16.752087504 0.187628012517 1.87628012517
16.7751859354 0.193130523163 1.93130523163
16.7982846434 0.198898464015 1.98898464015
16.8213920689 0.204867897495 2.04867897495
16.8444759237 0.211101221064 2.11101221064
16.8675249958 0.217520950817 2.17520950817
16.8905434124 0.224011926448 2.24011926448
16.9135395058 0.230464503282 2.30464503282
16.9365173574 0.236761362487 2.36761362487
16.9594856796 0.243020318639 2.43020318639
16.9824518202 0.249160981204 2.49160981204
17.0054264732 0.254928167841 2.54928167841
17.0284156623 0.260223797489 2.60223797489
17.0514297446 0.265264618064 2.65264618064
17.0744739191 0.269822158682 2.69822158682
17.0975357643 0.273632364699 2.73632364699
17.1206214895 0.276481690099 2.76481690099
17.1437397271 0.278446530561 2.78446530561
17.1668539235 0.279622603171 2.79622603171
17.1899691006 0.279955193262 2.79955193262
17.213091849 0.279309120355 2.79309120355
17.2362292752 0.277730166732 2.77730166732
17.2593903658 0.275370182448 2.75370182448
17.282571346 0.272308526972 2.72308526972
17.3057636769 0.268576576509 2.68576576509
17.3289709466 0.26418366329 2.6418366329
17.3521853221 0.259206401594 2.59206401594
17.3753913121 0.253759388283 2.53759388283
17.3985904871 0.24795432781 2.4795432781
17.421779397 0.241900399136 2.41900399136
17.4449488004 0.235732066988 2.35732066988
17.468085405 0.229501779834 2.29501779834
17.4911973295 0.223219062517 2.23219062517
17.5142909684 0.216906502188 2.16906502188
17.5373756891 0.210592725429 2.10592725429
17.5604578123 0.204262271053 2.04262271053
17.5835466362 0.197909246303 1.97909246303
17.6066497996 0.191591702162 1.91591702162
17.629774603 0.185284801401 1.85284801401
17.6529192298 0.178970077341 1.78970077341
17.6760897403 0.172663834421 1.72663834421
17.6992826126 0.166535206337 1.66535206337
17.7224839144 0.160534263709 1.60534263709
17.7456990011 0.154429312894 1.54429312894
17.7689325918 0.148340801241 1.48340801241
17.79218571 0.142331356467 1.42331356467
17.8154445962 0.136550926985 1.36550926985
17.8387031119 0.130837053705 1.30837053705
17.861961018 0.125005189198 1.25005189198
17.8852257662 0.119038498501 1.19038498501
17.9084910539 0.11324523208 1.1324523208
17.9317282561 0.107724250784 1.07724250784
17.9549344994 0.102448976263 1.02448976263
17.9781155999 0.0973228404297 0.973228404297
18.0 0.0925641874671 0.925641874671
